0 649
0 788
0 876
0 1001
1 364
1 882
1 329
1 726
1 472
1 1220
2 280
2 58
2 1014
2 655
2 763
2 540
3 868
3 1064
3 111
3 88
3 995
3 651
4 873
4 513
4 1227
4 839
5 728
5 717
5 845
5 385
5 1025
5 436
5 480
5 1006
5 26
5 174
5 651
6 763
6 939
7 364
7 1140
7 270
7 562
7 234
7 864
7 814
7 521
7 559
7 218
8 82
8 776
8 229
8 1064
8 66
8 533
8 521
8 270
9 526
9 655
9 1107
9 239
9 430
9 1162
9 306
9 813
9 808
9 936
9 121
9 406
9 543
9 211
10 974
10 1194
10 54
11 346
11 737
12 929
12 68
13 467
13 512
13 717
14 482
14 183
14 914
15 1185
15 209
15 519
15 746
15 696
15 720
15 437
15 599
15 444
15 347
16 550
16 969
16 230
17 584
18 90
18 841
18 71
18 577
18 58
18 543
19 53
19 805
19 933
19 721
20 670
20 322
20 454
21 604
21 678
22 1225
22 1224
22 1097
22 53
22 149
22 182
22 1030
22 284
22 739
22 736
22 843
22 101
22 811
22 1146
23 562
24 811
24 1017
25 692
25 1118
25 1203
25 78
25 1033
26 432
26 363
26 902
26 854
26 652
26 512
26 860
26 659
26 380
27 952
27 0
27 1206
27 321
27 395
27 615
27 1222
27 688
28 649
28 64
28 62
29 849
29 129
29 9
29 792
29 1100
29 538
29 131
29 1089
29 120
29 802
29 275
30 1086
30 41
30 1016
31 200
31 283
31 639
31 1111
31 480
32 799
32 571
32 514
32 506
32 22
32 670
32 1106
32 495
32 456
33 1118
33 448
33 969
34 223
34 138
34 1161
34 771
35 437
36 352
36 1087
36 46
37 1032
37 944
37 432
37 987
37 158
37 417
37 903
37 283
38 1108
39 825
39 875
39 1128
39 496
39 262
39 71
40 496
41 855
41 218
41 914
41 884
41 55
41 670
41 874
41 651
41 365
41 795
42 32
42 1224
42 731
42 712
42 430
43 393
43 361
44 104
44 1124
44 964
44 967
44 608
45 214
45 923
45 26
46 1062
46 87
46 348
46 251
46 1224
46 1141
46 1008
46 1177
46 90
46 947
46 836
47 1160
47 251
47 953
47 433
47 144
47 195
47 1027
47 875
49 669
49 1157
49 556
49 556
50 964
50 121
50 1124
50 243
50 1028
51 527
51 1016
51 1105
51 1216
52 89
52 1160
52 69
52 1204
52 623
52 134
53 373
53 749
53 619
53 392
53 352
53 796
53 163
53 752
53 160
53 649
54 298
54 563
54 47
54 352
54 1005
54 1074
54 1001
54 72
54 60
55 854
55 929
55 463
55 26
55 1216
55 398
56 119
56 484
56 821
56 498
56 747
56 114
56 291
57 333
57 1206
57 250
58 448
58 929
58 468
58 1196
58 1038
58 1003
58 504
59 315
59 701
59 206
59 1040
59 1169
60 1051
60 411
60 902
60 92
60 953
60 648
60 1210
60 678
60 525
60 44
60 455
61 64
61 669
62 619
62 290
62 816
62 581
63 319
63 802
63 72
63 1029
63 621
63 283
63 59
63 826
63 215
63 1164
63 1081
63 929
63 356
63 363
64 15
64 1031
64 879
64 414
64 740
64 425
64 1154
64 179
64 136
64 347
64 92
64 909
64 1176
64 995
64 448
64 1022
64 988
64 63
64 433
64 868
64 618
64 330
64 437
64 101
64 994
64 903
64 827
64 138
64 264
64 174
65 624
65 260
65 340
65 251
66 1012
66 551
66 161
66 787
66 482
66 845
66 875
66 768
66 702
66 118
67 220
67 654
67 59
67 1020
67 649
67 870
68 212
68 832
68 1157
68 278
68 1
68 1155
68 511
68 439
68 72
68 1119
68 741
68 1191
68 1208
68 768
68 288
69 467
69 768
69 227
69 1044
69 903
70 1154
71 623
71 436
71 480
71 1100
71 44
72 83
72 782
72 90
72 245
72 146
72 538
72 797
72 324
72 809
72 295
72 1059
72 498
72 620
72 120
72 534
72 365
72 597
72 39
72 1062
72 231
73 1100
74 444
75 55
75 1128
75 158
75 64
75 1079
75 76
75 121
75 843
75 835
75 28
75 380
76 411
76 529
76 425
76 923
76 689
77 709
77 845
78 534
78 1206
78 221
78 1073
78 804
78 37
78 306
78 191
79 1021
81 766
82 1176
82 766
82 651
82 234
82 1179
82 716
82 808
82 870
82 651
82 0
82 720
83 382
83 467
83 312
83 1099
83 141
84 956
84 859
84 206
84 679
85 789
85 583
87 265
87 1001
87 746
88 876
88 190
88 388
89 1020
89 896
89 864
89 712
89 1033
89 1058
89 593
89 414
89 1003
90 569
90 1
90 1083
90 491
90 1006
90 1105
90 1042
90 972
90 292
90 169
90 175
90 1050
90 64
90 63
90 802
90 200
90 781
91 480
91 298
91 15
91 1073
91 981
91 174
91 824
91 254
91 709
92 467
92 520
92 141
92 871
92 929
92 1214
92 299
92 825
92 467
93 262
93 136
94 170
95 1154
96 1098
96 1118
97 52
97 188
97 538
98 214
98 388
99 1221
99 60
99 983
99 1002
99 571
99 756
99 1172
99 975
99 92
99 1051
100 1020
100 511
101 518
101 435
101 498
101 191
101 971
101 1097
101 1074
101 22
101 821
101 788
101 625
101 207
101 160
101 150
102 686
102 55
102 1043
102 748
102 198
102 800
102 978
102 1056
102 1161
102 1028
102 787
102 411
102 969
103 37
103 792
104 879
104 507
104 188
104 1222
104 190
104 1222
104 736
104 68
105 902
105 267
105 1160
105 728
105 900
106 1152
106 1132
106 104
107 1210
107 880
107 929
107 744
107 484
109 776
109 1090
109 18
109 1012
110 574
110 225
110 175
110 814
111 346
111 64
111 456
111 690
111 1006
111 1206
111 207
111 1162
111 748
112 1042
112 849
113 310
113 954
113 730
113 795
113 823
113 870
114 350
114 308
114 138
114 467
114 194
114 1142
114 970
114 27
114 270
114 594
114 482
114 1107
115 15
115 444
115 502
115 1074
115 374
116 101
116 363
116 229
117 1136
117 1088
118 880
118 478
118 964
119 746
120 79
120 1225
120 1127
120 1219
120 343
120 757
120 973
120 346
120 1062
121 1001
121 1155
121 734
121 699
121 1161
121 352
121 205
121 562
121 620
121 406
122 678
122 1081
122 43
123 463
123 1028
123 163
123 994
124 149
124 976
124 1203
124 1147
125 1074
126 1164
126 1012
126 170
126 1191
126 288
126 1081
126 63
126 845
128 1051
128 953
129 248
129 1078
129 1215
129 22
129 688
129 16
130 385
130 825
131 797
131 158
131 56
131 450
131 465
131 134
132 551
132 504
132 158
132 702
132 787
132 1059
132 638
132 839
133 867
133 1174
133 668
133 561
133 713
133 888
133 841
133 357
133 5
133 736
134 920
134 456
134 1065
134 132
134 1051
134 1199
134 689
134 464
134 327
134 1158
134 906
135 360
135 581
135 151
135 844
136 608
136 406
136 651
136 449
136 82
136 723
136 1221
136 182
137 1152
137 101
137 995
137 369
137 825
138 310
138 1135
138 920
138 350
138 1084
138 1007
138 430
139 580
139 861
139 498
139 151
139 114
140 1027
140 518
140 1109
140 487
140 1164
140 1084
140 102
140 414
140 398
140 526
140 748
141 341
141 39
141 349
141 645
141 854
141 250
142 931
143 425
143 578
143 78
143 1020
143 877
144 331
144 486
144 805
144 1028
144 176
144 557
145 429
145 1081
145 205
146 1062
146 432
146 53
147 451
147 730
147 230
147 369
147 884
147 76
147 390
147 357
147 725
147 343
147 92
148 757
148 829
148 797
149 371
149 875
149 1098
149 257
149 649
149 296
149 1109
149 319
149 159
149 683
150 593
150 758
150 902
151 44
151 865
151 408
151 799
151 466
151 141
151 160
151 264
151 692
151 268
151 206
151 807
151 900
152 373
152 6
152 1079
152 823
152 124
152 1206
152 935
152 93
152 884
152 1154
152 1003
153 563
153 525
154 329
154 590
154 594
154 253
154 369
155 290
155 741
155 130
155 682
155 1172
155 406
156 1215
156 557
156 432
156 373
156 1074
156 934
157 578
157 1133
157 111
157 233
157 1138
158 252
158 288
158 470
158 394
158 700
158 533
158 235
158 60
158 717
158 932
158 102
158 1164
158 1074
158 263
158 156
158 825
158 1113
158 465
158 1059
158 536
158 182
158 472
159 158
159 264
160 1172
160 52
160 870
160 524
160 1210
160 387
160 509
160 234
160 223
160 993
160 932
160 270
160 311
160 20
160 1212
160 1127
160 517
160 560
160 114
161 262
161 943
162 605
162 27
162 744
163 788
163 1139
164 243
165 481
165 1033
165 804
165 1060
166 236
166 288
166 839
166 749
166 394
166 439
166 433
166 310
167 1153
167 1092
167 101
168 1210
168 170
168 771
168 820
168 901
169 875
169 962
169 269
169 1218
169 797
170 963
170 521
170 1083
170 566
170 1126
170 67
170 576
172 268
174 512
174 298
174 369
174 1174
174 467
174 563
174 262
174 1193
175 732
175 1215
175 148
175 918
175 201
175 882
175 218
175 1020
175 914
175 239
176 1102
176 225
176 1028
176 1012
177 160
178 528
178 686
178 101
178 435
178 1184
178 541
179 245
180 22
180 338
180 668
180 1206
180 654
180 896
180 1193
180 170
180 8
181 435
181 951
181 373
181 32
181 122
181 774
181 398
181 144
182 492
182 398
182 1173
182 600
182 1029
182 1020
182 389
182 841
182 537
183 710
183 894
183 265
183 894
183 1131
184 886
185 456
185 604
185 608
185 914
185 82
185 75
185 5
185 765
185 64
185 1095
185 321
185 984
185 9
185 860
185 724
185 842
185 46
185 231
186 69
186 1204
187 306
187 739
187 1152
187 1030
187 890
188 188
188 665
188 1092
188 387
188 115
188 85
188 291
188 990
188 1218
188 845
188 480
188 861
188 467
188 572
188 894
188 149
188 845
188 917
189 526
189 825
190 365
190 536
191 227
191 722
191 608
191 1161
191 859
191 389
191 1084
191 792
191 319
191 1222
191 825
192 60
192 7
192 362
192 1121
193 437
193 265
193 576
193 787
193 430
193 633
194 760
194 906
194 869
194 167
194 712
194 1225
194 1029
194 287
195 902
195 8
195 797
196 322
197 191
198 9
198 262
198 265
198 1043
198 778
198 814
198 736
198 92
198 922
198 432
198 807
198 346
198 1037
199 120
199 655
199 191
199 207
200 291
200 1225
200 352
200 1154
200 484
200 829
200 134
200 221
200 289
200 986
201 689
201 930
201 1203
201 400
201 862
201 902
201 468
201 315
202 188
202 707
202 712
203 575
203 768
204 469
205 205
205 894
205 1105
205 21
205 1169
205 506
205 1152
205 765
205 270
205 922
205 483
205 90
205 395
205 1087
205 1051
205 441
205 325
205 270
205 563
205 1152
205 616
205 911
205 772
205 392
206 158
206 939
206 102
206 790
207 438
207 325
207 771
207 555
207 954
207 178
208 598
208 702
208 254
208 1105
208 536
208 513
208 1099
209 1223
209 50
209 657
209 842
209 1033
209 1117
209 394
210 871
210 649
210 98
211 1165
211 508
211 920
211 804
211 868
211 444
211 581
212 514
212 680
212 180
212 311
212 289
212 266
212 321
212 24
212 160
212 1
212 956
212 178
213 774
213 914
213 823
214 529
214 825
214 731
214 480
215 1062
215 214
215 160
216 329
216 477
216 825
216 477
216 775
216 791
216 211
216 239
216 968
216 957
217 835
217 245
218 312
218 41
218 638
218 13
218 245
218 147
218 1058
218 888
218 157
218 232
219 1209
219 860
219 829
219 758
220 1102
220 278
220 9
221 623
221 806
221 0
221 413
221 363
221 1178
221 379
221 1178
221 114
221 697
221 582
221 1000
221 415
221 946
223 599
223 670
223 978
223 1090
223 1152
223 478
223 1189
224 97
224 686
224 625
224 1092
225 797
225 185
225 496
225 939
225 225
225 651
225 49
225 39
227 808
227 1074
227 348
227 270
227 1060
227 591
227 187
227 453
227 379
228 722
229 414
229 194
229 387
229 627
229 1087
229 1228
229 725
229 914
229 533
229 379
229 1127
229 135
229 1080
229 174
229 863
229 205
230 76
230 933
230 966
230 756
230 691
230 709
230 757
230 1030
231 435
231 623
231 204
231 1191
231 1223
231 835
232 174
232 694
232 728
232 583
232 716
232 1009
232 198
233 361
233 662
233 486
233 369
234 417
234 596
234 407
234 217
234 712
234 572
234 391
234 154
234 1032
235 505
235 451
235 1065
235 825
235 269
235 738
235 568
236 953
236 735
237 266
237 1015
237 742
237 270
237 521
238 431
239 9
239 467
239 640
239 1090
239 311
239 1206
239 37
239 372
239 417
240 1009
240 579
241 264
241 1062
241 220
241 1117
242 655
242 349
242 653
243 438
243 138
243 1055
243 346
243 1005
243 78
244 1158
244 4
244 1099
244 537
244 623
244 698
245 1051
245 1222
245 185
245 444
245 1025
245 722
245 259
245 314
245 1203
245 561
245 634
245 542
245 936
245 274
245 875
246 140
246 740
246 1090
246 871
247 111
247 1194
248 1228
248 1128
248 1224
248 670
250 352
250 486
250 835
250 871
250 406
251 430
251 75
251 768
251 1120
251 978
251 174
251 645
251 686
251 801
251 772
251 558
251 1163
252 29
252 560
252 1204
252 149
252 1162
252 482
253 742
253 158
253 386
254 349
254 894
254 30
254 455
254 561
255 568
255 30
255 262
256 578
256 156
256 795
256 265
256 603
256 586
257 629
257 319
257 141
257 527
257 901
257 704
257 704
257 884
258 993
258 760
259 140
259 134
259 551
259 467
259 1228
259 391
260 436
260 906
260 1125
261 59
261 296
261 763
262 651
262 552
262 482
262 464
262 18
262 1030
262 76
262 810
262 770
262 160
262 56
262 288
262 64
262 64
262 1050
262 813
262 274
262 487
262 1216
262 961
263 496
263 869
264 1051
264 744
264 321
264 939
264 754
264 513
264 63
264 26
264 748
264 1137
264 187
264 203
264 708
264 981
264 165
264 682
265 821
265 1020
265 536
265 147
265 702
265 262
265 835
265 92
265 1074
265 658
265 1158
266 131
266 1127
266 504
266 695
266 154
266 1090
266 1199
266 354
266 929
266 693
266 289
266 557
267 856
267 975
267 1045
268 496
268 1225
268 91
268 1153
269 1210
269 968
269 347
269 762
269 772
269 737
269 1097
270 1065
270 929
270 1078
270 987
270 517
270 245
270 214
270 603
270 608
270 802
270 986
270 1225
271 291
271 483
272 1205
272 869
273 1206
273 462
273 113
273 406
274 873
274 967
274 868
274 825
274 1227
274 55
274 776
274 671
274 736
275 1210
275 325
275 949
275 290
276 714
276 747
276 387
276 986
278 9
278 870
278 1102
278 232
278 117
279 795
279 312
279 845
279 422
279 993
279 949
279 864
280 981
280 291
280 62
280 975
280 746
280 365
281 580
281 600
281 1012
281 1228
281 1049
282 254
282 137
282 37
283 1087
283 938
283 723
283 501
283 58
283 640
283 749
283 509
283 1017
283 261
283 401
283 193
283 863
283 451
284 455
284 1099
284 981
284 1098
284 929
285 757
285 1160
285 868
285 478
285 863
285 352
285 463
285 756
285 639
286 311
287 903
287 1176
287 707
287 1209
288 1086
288 491
288 25
288 517
288 868
288 343
288 158
288 599
288 1098
288 744
288 892
288 788
288 149
288 814
288 257
288 906
289 317
289 413
289 795
289 306
290 239
290 762
290 482
290 799
290 1125
290 242
290 315
290 367
291 594
291 381
291 514
291 828
291 126
291 296
291 432
291 136
291 19
291 971
291 446
292 166
292 1097
292 512
292 467
292 1219
292 1133
293 519
293 147
293 708
293 14
294 782
294 1038
295 390
295 88
295 227
295 1119
295 295
295 211
295 1102
295 210
295 953
295 731
296 350
296 5
296 274
297 1176
298 42
298 967
298 262
298 331
298 619
298 1038
298 946
298 15
299 416
299 1196
299 1111
299 847
299 774
300 1090
300 843
300 274
300 628
301 469
301 329
302 455
302 14
302 905
302 933
302 369
302 897
302 1105
303 51
303 964
304 648
304 820
305 1186
305 101
306 4
306 796
306 51
306 157
306 231
306 609
306 110
306 1191
306 839
306 974
306 266
306 1033
306 299
306 373
306 467
307 264
307 607
307 282
307 655
307 366
308 66
308 1189
308 902
308 920
308 526
308 780
309 827
309 649
309 693
310 925
310 1182
310 389
310 64
310 1227
310 1090
310 343
310 496
310 1098
310 966
310 734
310 1163
311 480
311 1155
311 946
311 1002
311 677
311 541
311 820
311 755
311 975
311 1098
311 377
311 1051
312 1210
312 436
312 1152
312 750
312 800
312 1173
313 731
314 160
314 457
314 739
315 930
315 586
316 465
316 276
316 449
316 808
317 561
318 416
318 994
318 416
319 1002
319 377
319 1171
319 712
319 931
319 123
319 1074
319 230
319 747
319 259
319 398
319 696
319 480
319 1167
319 370
319 825
319 668
319 166
319 496
320 420
320 51
320 1027
320 884
321 428
321 926
321 679
321 1153
321 876
321 1014
322 272
322 908
322 146
322 902
322 77
323 670
323 697
323 646
324 511
324 200
325 262
325 281
325 795
325 1005
325 897
325 319
325 1133
325 1017
326 571
326 975
326 797
327 601
327 1119
327 616
327 912
327 275
327 265
327 556
327 689
327 1020
327 521
328 100
329 438
329 1125
329 964
329 1061
329 78
329 1161
329 329
329 408
329 616
329 727
329 169
329 1131
329 765
329 467
329 1119
329 513
329 624
329 1038
330 496
330 379
330 244
331 244
331 417
332 829
333 250
333 97
333 933
334 149
334 899
335 894
336 922
337 858
337 450
337 10
337 843
337 134
337 757
337 681
337 1026
338 989
338 1033
340 151
340 929
340 436
340 929
341 262
341 454
341 369
341 929
341 725
341 467
343 212
343 174
343 5
343 149
343 635
343 975
343 914
343 509
343 533
345 567
345 312
345 4
346 564
346 432
346 63
346 989
346 225
346 180
346 718
346 237
346 212
346 365
346 835
346 1173
346 50
347 1219
347 1228
347 529
347 851
347 1090
347 1162
348 1056
348 456
348 591
348 369
348 177
348 216
349 191
349 854
349 1059
349 795
349 963
349 986
350 1033
350 282
350 305
350 1028
350 1109
350 1105
350 929
350 820
351 198
351 926
351 768
351 561
351 1044
351 448
351 832
352 909
352 545
352 139
352 823
352 132
352 638
352 581
352 47
352 1065
352 133
352 82
352 283
352 134
352 139
352 380
353 1181
354 367
354 69
354 650
354 477
354 485
354 841
355 1024
355 413
355 1193
355 697
355 873
355 658
356 1128
356 211
356 325
356 505
356 564
356 494
356 862
356 1051
356 444
356 467
356 208
356 100
356 1142
356 407
356 1009
356 586
357 68
357 795
357 124
357 836
357 600
357 1221
357 581
358 1079
358 266
358 118
360 1164
360 504
360 974
360 888
361 1172
361 845
361 840
361 384
361 731
361 1003
361 319
361 480
361 229
361 343
361 1051
361 976
361 158
361 92
361 1084
361 627
361 347
361 440
361 354
361 22
361 373
362 467
362 1064
362 306
362 8
363 880
363 24
363 792
363 627
363 385
363 208
363 826
363 230
363 498
364 107
364 346
364 1062
364 1007
365 506
365 1105
365 765
365 639
365 563
365 286
365 929
365 731
365 1124
365 245
365 311
365 963
366 452
367 201
367 1040
367 498
367 224
367 933
368 1087
368 453
368 1020
368 727
368 102
369 1208
369 842
369 472
369 599
369 382
369 721
369 814
369 184
369 3
369 457
369 1225
369 1118
369 89
369 477
369 493
369 741
369 599
369 1062
369 1179
369 1059
369 75
369 406
369 1221
369 1126
369 102
369 823
369 1225
369 327
369 254
369 102
369 291
369 770
369 923
369 538
370 1014
370 444
370 248
370 1208
370 231
370 747
371 389
371 567
371 361
372 182
372 602
372 1044
372 1142
372 1042
372 183
373 368
373 455
373 813
373 72
373 193
373 760
373 1062
373 2
373 152
373 929
373 232
373 356
373 451
373 500
374 445
374 1030
375 972
376 1121
376 87
377 1157
377 1084
377 456
378 223
379 257
379 699
379 879
379 597
379 943
379 624
379 649
379 1221
380 791
380 731
380 608
380 90
380 764
381 295
381 1161
381 1012
381 602
381 1099
381 1224
382 272
382 592
382 279
383 578
384 265
384 346
384 16
384 162
384 363
385 63
385 431
385 760
385 863
385 209
385 634
386 63
386 825
386 1169
386 1091
386 361
386 411
386 330
386 651
386 1111
387 1167
387 264
387 506
387 10
387 820
387 413
387 1027
387 187
387 150
387 729
387 433
387 699
387 69
388 948
388 1211
388 143
388 1020
388 834
388 1020
388 352
389 455
389 152
389 211
389 1137
389 395
389 857
389 709
390 832
390 481
391 686
391 596
391 406
391 379
392 1009
393 1099
394 337
394 902
394 1111
394 356
394 928
395 821
395 865
395 533
395 242
395 975
395 165
396 273
396 752
396 717
396 91
396 200
396 293
396 525
396 712
396 867
398 925
398 1100
398 155
398 291
398 771
398 601
398 266
398 81
398 396
399 5
399 140
399 725
400 1179
400 464
400 746
400 755
400 679
400 971
400 1080
401 1194
401 1203
401 214
401 477
401 981
401 417
401 388
402 603
403 629
403 619
403 809
404 72
404 673
404 813
404 120
405 251
406 1012
406 1017
406 56
406 1184
406 289
406 1154
406 1073
406 466
407 114
407 1062
407 686
407 152
407 72
407 770
407 869
407 266
407 4
407 1029
407 106
407 306
407 608
407 986
408 750
409 194
409 1097
410 755
410 982
410 734
410 387
410 376
411 8
411 511
411 1037
411 68
411 42
411 194
411 1145
411 980
411 538
411 433
411 284
411 702
412 681
413 393
413 528
413 875
413 114
414 7
414 1228
414 525
414 877
414 795
414 1012
414 348
414 1028
414 1171
414 677
414 722
414 29
415 1013
415 22
415 947
415 114
415 599
416 287
416 1040
416 433
416 369
416 35
416 337
416 1173
416 983
416 791
416 691
416 21
416 1179
416 717
417 134
417 1091
417 337
417 450
417 1028
417 692
417 1177
417 1079
417 845
417 299
418 322
418 819
418 1062
418 428
419 880
419 475
419 825
420 477
420 981
420 396
420 724
420 415
420 621
420 1181
420 964
421 756
421 677
421 852
421 263
422 8
422 1148
423 400
425 1118
425 26
425 513
425 1074
425 409
425 369
425 407
425 584
425 513
425 621
425 732
425 361
425 157
426 1222
427 981
428 183
428 1138
428 1051
429 358
429 695
430 192
430 484
430 689
430 1108
430 288
430 422
430 295
430 1157
430 456
430 413
431 1097
431 948
431 435
431 501
431 797
431 498
431 826
431 346
432 194
432 540
432 1181
432 169
432 466
432 1012
432 416
432 529
432 177
432 714
432 655
432 561
432 719
432 1197
432 646
432 1222
432 361
432 264
432 875
432 1206
432 651
432 696
432 263
432 568
432 648
432 994
432 1173
432 456
432 825
432 978
432 377
432 621
432 512
432 1212
433 621
433 54
433 294
433 521
433 563
433 369
433 208
433 414
433 225
433 1102
433 347
433 1081
433 871
433 1042
433 387
433 331
433 933
433 1222
433 4
433 1224
433 485
433 265
433 1098
433 221
433 930
433 246
434 659
434 862
435 299
435 440
435 922
435 484
435 280
435 84
435 264
435 239
435 1043
435 668
436 477
436 869
436 974
436 388
436 131
436 653
436 1154
436 1012
436 843
436 1228
437 346
437 1224
437 1163
437 1220
437 466
437 67
438 450
438 957
438 904
438 1228
438 642
438 1048
438 469
438 95
438 977
439 808
439 1020
439 1137
439 133
439 1164
439 121
439 486
439 813
439 237
440 182
440 841
440 1042
440 205
440 437
440 298
440 725
440 420
441 435
441 842
441 1110
441 135
441 239
441 797
441 455
441 438
441 432
441 993
441 869
442 1222
443 1062
443 884
443 557
444 490
444 188
444 41
444 444
444 467
444 141
444 558
444 1098
444 22
445 1119
445 993
445 942
445 658
445 975
445 692
446 131
447 989
447 1014
447 616
448 961
448 414
448 417
448 723
448 730
448 4
448 952
448 563
448 427
448 771
448 72
448 141
449 1199
449 64
449 1059
449 819
449 858
449 494
449 401
449 746
449 64
449 1061
449 845
450 321
450 450
450 953
450 1128
450 717
450 200
450 802
450 353
451 978
451 621
451 996
451 571
451 1131
451 557
451 828
451 668
451 182
451 1119
452 758
453 132
453 72
453 751
453 955
453 122
453 712
453 547
453 1001
453 399
453 283
453 444
453 534
453 671
454 205
454 487
455 1212
455 418
455 1087
455 1051
455 64
455 141
455 306
455 182
455 347
455 1227
455 1207
455 747
455 619
455 643
455 180
456 772
456 386
456 349
456 250
456 90
456 884
456 362
456 616
456 818
456 1003
456 670
456 361
456 1161
456 58
456 72
456 363
456 9
456 690
456 498
457 624
457 252
457 1030
457 101
457 395
457 924
457 151
458 860
461 728
461 182
461 925
461 692
461 75
461 498
462 680
462 604
462 757
462 1020
462 1093
462 1217
463 87
463 902
463 169
463 1154
463 356
463 369
463 1228
464 1172
464 135
464 1084
464 1065
464 870
464 117
464 547
464 608
464 856
465 432
465 430
465 45
465 621
465 581
465 67
465 1109
465 1145
465 700
465 645
465 433
465 1109
465 1015
466 600
466 929
466 551
466 601
466 722
466 41
466 1065
466 158
467 233
467 823
467 466
467 772
467 868
467 391
467 420
467 797
467 371
467 183
467 433
467 851
467 1008
467 768
467 1198
467 1084
467 557
467 636
467 160
467 1111
467 520
467 956
467 772
467 31
467 900
467 165
467 1000
467 604
467 861
467 964
468 475
468 596
468 431
468 234
469 1196
469 264
469 571
469 262
470 356
470 274
470 448
470 505
471 605
472 1084
472 205
472 914
472 450
472 1086
472 825
472 821
472 842
472 285
473 1164
473 25
474 990
475 387
475 137
475 346
475 648
475 984
475 1196
476 1096
476 134
476 139
476 430
477 480
477 46
477 1117
477 609
477 870
477 1178
477 1215
477 926
477 1102
478 814
478 1087
478 1026
478 374
478 906
478 591
478 151
478 1084
478 207
478 29
479 262
479 513
480 185
480 986
480 400
480 903
480 725
480 709
480 740
480 772
480 1124
480 1020
480 264
480 969
480 306
480 455
480 1121
480 120
480 311
480 454
480 354
480 1111
481 1219
481 455
481 953
481 618
481 102
481 1008
481 1081
482 340
482 99
482 260
482 436
482 59
482 54
482 329
482 608
483 5
483 250
483 480
484 430
484 1184
484 245
484 205
484 400
484 1171
484 805
484 373
484 1012
485 1028
485 234
485 810
486 371
486 621
486 894
486 371
486 395
486 130
486 103
486 1143
486 160
486 806
486 1208
486 1092
486 876
486 159
486 1083
486 968
486 695
486 185
487 699
487 403
487 582
487 99
487 72
487 290
487 594
487 749
487 126
487 463
490 953
490 1118
490 72
490 1219
490 1102
491 356
491 813
491 537
491 713
491 576
492 1012
493 284
493 379
493 1061
493 791
494 1020
494 1128
494 479
494 807
494 604
494 1107
494 1053
494 953
494 1206
494 505
494 608
495 547
495 538
496 437
496 814
496 287
496 182
496 1218
496 805
496 1191
496 1015
496 420
496 311
496 1154
496 924
496 258
496 636
496 1089
496 981
496 195
496 244
496 1194
496 693
496 540
497 189
498 464
498 508
498 506
498 608
498 74
498 624
498 630
498 205
498 1089
498 319
498 825
498 306
499 1015
500 395
500 391
500 437
500 884
500 1007
501 749
501 200
501 1131
501 261
501 808
501 884
501 221
501 1131
501 967
501 227
501 129
501 501
501 15
502 467
502 68
502 1152
502 234
503 776
504 933
504 1125
504 386
504 884
504 873
504 368
504 870
504 1105
504 1137
504 123
504 474
504 306
504 26
504 617
505 525
505 648
505 319
505 777
505 1157
506 1078
506 513
506 401
506 1194
506 727
506 461
506 140
506 464
506 263
506 444
506 28
506 458
506 313
506 952
506 487
506 660
506 854
506 1124
506 1215
507 808
508 1110
508 914
508 500
508 472
508 740
508 178
509 132
509 178
509 929
509 652
509 1051
509 845
509 900
510 1131
511 901
511 760
511 309
511 82
511 379
511 72
511 772
511 319
512 429
512 704
512 1040
512 352
512 420
512 731
512 347
512 917
512 1020
512 837
512 547
513 151
513 1173
513 447
513 63
513 999
513 551
513 947
513 799
513 438
513 224
513 897
513 1005
513 714
513 755
513 53
513 455
513 709
513 518
513 1225
513 349
513 208
513 224
513 363
513 189
514 1206
514 456
514 121
514 772
514 998
514 132
514 804
515 1179
515 438
516 651
516 1073
516 490
516 962
516 158
516 1074
516 854
516 234
516 1061
516 417
516 54
516 413
517 373
517 968
517 205
517 962
518 1228
518 92
518 229
518 1204
518 825
519 340
519 512
519 802
519 25
519 205
519 107
520 367
520 411
520 1028
520 416
520 1109
520 425
520 431
521 88
521 200
521 512
521 1133
521 456
521 361
523 1118
523 925
523 1227
524 161
524 346
524 715
525 1087
525 964
526 902
526 1129
526 82
526 406
526 377
527 1065
527 329
527 1176
527 837
527 1186
527 934
528 1045
528 806
528 807
528 825
528 808
528 749
529 233
529 1206
529 68
529 478
529 809
529 126
529 1029
529 1214
529 1194
531 66
531 159
531 621
531 66
532 608
532 29
533 707
533 744
533 1020
533 730
533 624
533 741
533 677
533 797
533 411
534 906
534 1111
534 986
534 326
534 461
534 981
534 526
534 309
535 56
536 41
536 299
536 651
536 1162
536 798
536 683
536 499
536 1203
536 435
536 765
536 995
536 199
536 814
536 839
536 1062
536 621
537 1131
537 259
537 1012
537 975
537 791
537 1102
537 485
537 329
538 27
538 66
538 64
538 315
538 604
538 107
538 401
538 623
538 64
539 956
540 192
540 841
540 651
540 548
540 257
540 727
540 899
541 34
541 1131
541 887
541 1084
541 244
541 279
541 1133
541 152
541 1137
541 501
542 205
542 311
543 1206
543 1141
543 1164
543 862
543 1092
544 887
545 684
545 201
545 343
545 1128
545 756
545 929
545 479
546 1060
546 59
547 534
547 385
547 113
547 536
547 1228
547 615
548 448
548 34
548 266
548 765
549 1051
549 1128
549 1092
549 543
550 651
550 432
550 22
551 198
551 953
551 1141
551 581
551 653
551 1196
551 1225
551 723
552 352
552 852
552 704
552 1098
553 1210
554 906
555 944
555 549
555 243
555 1030
555 537
556 746
556 270
556 1169
556 1162
556 449
556 902
556 174
557 150
557 1222
557 659
557 1164
557 438
557 91
557 463
557 211
557 430
557 183
557 343
557 877
557 746
557 851
557 998
557 356
557 471
557 1086
557 354
557 835
557 415
557 63
558 442
558 64
558 49
558 825
558 152
558 964
558 53
558 347
559 747
560 1002
560 627
560 845
560 325
560 898
561 758
561 1191
561 536
561 905
561 841
561 1169
561 283
561 1214
562 1228
562 1091
562 60
562 9
562 529
562 1105
563 64
563 778
563 160
563 1097
563 111
563 978
563 452
563 450
563 102
563 12
563 529
563 553
563 725
563 1141
563 795
563 267
563 1203
563 293
563 175
563 480
563 1091
564 138
564 850
564 466
564 760
564 221
564 1055
564 29
564 57
565 555
566 784
566 961
566 829
566 1012
566 1212
567 768
567 198
568 638
568 1051
568 257
569 166
569 498
571 147
571 1203
571 840
571 1006
571 518
571 486
571 853
571 200
571 32
572 699
572 324
572 406
572 860
572 60
572 1062
573 432
573 193
574 619
574 689
574 50
575 914
575 325
575 385
575 669
575 870
576 178
576 822
576 983
576 981
576 1164
576 476
577 802
578 410
578 844
578 702
578 205
578 264
578 1129
578 711
579 870
579 238
580 1062
580 185
580 148
580 536
581 682
581 563
581 276
581 594
581 832
581 518
581 1225
581 288
581 137
582 746
582 506
582 1078
583 1101
583 599
583 255
583 998
583 833
583 1015
583 571
584 387
584 772
584 55
584 232
585 1169
586 291
586 1161
586 962
587 480
587 363
588 600
588 651
588 52
589 619
589 5
590 636
590 1026
590 1007
591 900
591 1174
591 933
591 897
591 262
591 566
591 822
592 575
592 250
592 668
592 5
592 746
592 88
593 430
593 608
594 680
594 390
594 636
594 299
594 1196
594 854
594 715
595 370
595 285
596 387
597 627
597 978
598 1196
598 380
598 760
598 284
598 924
599 63
599 1115
599 72
599 185
599 700
599 557
599 1132
599 990
600 1102
600 651
600 1098
600 1224
600 60
600 356
600 581
600 707
600 521
600 741
601 516
601 291
601 69
601 63
602 113
602 648
602 1164
602 131
602 933
602 929
602 52
602 75
602 195
602 106
602 1092
602 468
603 748
603 351
603 820
603 107
603 104
603 327
603 1062
603 621
603 805
603 1030
604 823
604 146
604 419
604 1158
604 1064
604 963
604 599
604 1011
605 1096
605 462
605 417
605 1092
605 756
605 110
605 1136
606 1133
606 200
606 611
606 264
607 274
607 709
607 192
608 88
608 1013
608 989
608 973
608 1128
608 1215
608 876
608 495
608 933
608 870
608 884
608 462
608 152
608 233
608 1008
608 968
608 369
608 389
609 851
609 816
609 755
610 352
610 964
611 712
612 763
614 152
615 433
615 496
615 859
615 832
616 332
616 469
616 457
616 218
616 1162
616 384
616 555
616 191
616 854
616 295
616 319
617 373
617 1173
618 1079
618 1053
618 1078
618 456
618 194
619 1013
619 504
619 97
619 879
619 839
619 1179
619 433
619 748
619 398
619 1098
619 1009
619 563
620 538
620 1030
620 467
620 343
620 677
621 170
621 232
621 65
621 1174
621 526
621 561
621 3
621 1075
621 436
621 387
621 837
621 448
621 584
621 865
621 861
623 427
623 66
623 99
623 855
623 998
623 561
623 864
623 134
623 39
623 156
623 690
623 514
623 496
623 44
623 796
623 1009
624 806
624 1107
624 1174
624 603
624 467
624 749
624 902
624 1012
624 562
624 600
624 262
624 1020
624 156
624 481
624 140
624 373
625 600
625 654
625 450
626 357
627 712
627 796
627 194
627 1030
627 357
627 115
627 906
628 535
628 302
628 29
628 1219
628 504
628 1086
628 1179
628 652
628 349
628 825
629 1033
629 85
629 466
629 1210
629 160
630 90
630 485
631 814
633 857
634 1003
634 391
634 1059
634 682
635 901
635 1154
635 914
635 514
635 64
635 417
636 461
636 1079
637 1137
637 1012
638 1136
638 749
638 352
638 765
638 441
638 1172
638 270
639 147
639 509
639 1135
639 180
639 514
639 1027
639 1084
639 608
639 566
639 306
639 651
639 1146
639 566
640 902
640 814
640 439
640 67
642 44
642 1085
642 861
642 860
642 772
643 905
643 1194
644 1062
644 1161
644 90
644 862
645 235
645 109
645 567
645 280
645 219
645 167
645 1190
646 264
646 741
647 784
647 270
647 851
648 764
648 7
648 584
648 225
648 992
648 1017
648 624
648 875
648 111
649 829
649 603
649 22
649 978
649 942
649 478
649 762
649 432
650 472
650 837
650 1103
650 1210
651 21
651 565
651 1176
651 1109
651 1200
651 668
651 224
651 697
651 146
651 329
651 475
651 327
651 515
651 283
651 66
651 1204
651 1118
651 545
651 372
651 441
651 1020
651 60
651 1191
651 876
651 601
651 1210
652 929
652 564
652 987
652 255
653 495
653 1090
653 849
653 234
654 71
654 1078
654 513
655 658
655 439
655 1084
655 506
655 1092
655 751
655 869
655 636
655 851
655 833
655 858
656 124
656 568
656 742
656 1136
657 449
657 16
657 930
658 54
658 1110
658 1206
658 449
658 188
658 809
659 133
659 64
659 101
659 1228
659 158
659 506
660 649
660 513
660 308
661 123
662 564
662 361
662 903
663 58
664 211
664 104
664 138
664 651
664 537
665 1062
665 194
667 1061
668 757
668 110
668 18
668 1121
668 1092
668 553
668 288
668 875
668 1030
668 5
668 266
668 861
668 925
668 37
669 604
669 1228
669 441
669 432
669 1172
670 887
670 772
670 514
670 404
670 212
670 265
670 600
670 902
670 603
670 461
671 689
671 1026
671 68
671 808
671 498
673 914
673 291
674 768
675 1172
676 32
677 1048
677 185
677 509
677 455
677 486
677 367
677 917
677 695
678 1145
678 319
678 139
678 433
678 1049
678 795
679 1222
679 1219
679 1005
680 850
680 1093
680 830
680 600
680 792
680 746
680 800
681 756
681 1071
681 1228
681 64
681 584
681 1158
682 853
682 922
682 538
682 829
682 681
682 730
682 418
682 465
682 311
682 311
683 439
683 953
683 849
684 141
684 285
684 929
684 212
684 763
685 183
686 619
686 788
686 0
686 303
686 357
686 1219
686 1115
686 319
686 270
686 452
686 946
686 1049
686 325
687 1181
688 251
688 506
688 91
688 514
689 1058
689 1152
689 847
689 501
689 618
689 254
689 102
689 1136
689 939
689 72
689 978
689 1098
689 1210
689 78
689 772
689 385
689 621
689 133
689 41
689 1042
689 986
689 205
690 160
690 111
690 361
690 1164
690 411
691 439
691 967
692 738
692 207
692 537
692 1027
692 1097
693 845
693 410
693 862
693 696
693 506
694 368
694 620
694 515
694 768
694 133
694 730
694 651
694 949
695 1215
695 387
695 149
695 768
695 415
695 319
696 177
696 379
696 869
696 967
696 352
696 700
696 64
696 518
696 431
697 245
697 536
697 1114
697 615
698 68
698 725
698 271
699 682
699 561
699 1128
699 1038
699 319
699 1141
699 289
699 436
700 139
700 876
700 876
700 29
700 212
700 99
701 752
701 1111
701 541
702 865
702 897
702 675
702 1078
702 931
702 1158
702 404
702 64
702 1114
702 906
702 1172
703 1200
704 939
704 7
704 193
704 248
704 837
704 765
704 814
704 282
704 101
704 1051
705 206
706 435
707 693
707 797
707 508
707 407
707 1079
707 709
707 174
707 747
707 690
708 792
708 416
709 895
709 839
709 1164
709 689
709 837
709 620
709 623
709 411
709 1127
709 1009
709 463
709 1139
709 1159
709 709
709 907
710 484
710 343
710 411
710 501
710 229
710 285
711 1043
711 505
711 604
711 369
712 857
712 845
712 1079
712 922
712 1081
712 1012
712 256
712 64
712 169
712 782
712 768
712 971
713 214
713 1110
713 1203
713 1012
713 160
714 513
714 1105
714 829
714 533
714 209
714 456
715 809
715 640
715 520
715 1055
715 635
715 986
715 513
716 900
717 686
717 27
717 369
717 658
717 731
717 174
717 580
717 433
718 527
719 1155
719 719
719 137
720 191
720 121
721 185
721 542
721 529
721 968
722 455
722 1189
723 157
723 3
723 1115
723 245
724 29
724 807
724 651
725 968
725 329
725 481
725 829
725 1001
725 1193
725 639
725 464
725 143
725 753
725 306
725 467
725 1127
725 1222
725 964
725 809
725 1228
725 1114
725 752
726 28
727 1010
727 805
727 1027
727 77
727 433
727 867
728 419
728 1128
728 558
728 899
728 763
729 1011
730 434
730 257
730 156
730 619
731 231
731 513
731 1216
731 769
731 920
731 1206
731 746
731 285
731 704
732 456
732 844
732 1135
732 382
734 980
734 1176
735 439
735 809
735 697
736 465
736 472
736 467
736 312
736 1133
736 59
736 1164
737 185
738 158
738 547
739 968
739 607
739 478
739 407
739 306
739 438
739 717
739 1138
739 807
740 516
740 297
740 1183
740 251
740 141
741 174
741 436
741 1220
741 710
741 925
741 1098
741 216
741 679
741 557
741 407
741 220
742 232
742 185
742 496
742 877
743 647
743 1228
743 182
744 968
744 1108
744 969
744 440
744 967
744 451
744 1174
744 918
744 319
745 802
746 939
746 431
746 527
746 500
746 28
746 1030
746 902
746 550
746 1056
746 825
746 728
746 1110
746 902
747 486
747 817
747 315
747 1228
747 435
747 9
747 295
747 234
747 993
747 1097
748 1227
748 689
748 968
748 715
748 387
748 416
748 782
749 627
749 453
749 1138
749 841
749 1105
749 924
749 1074
749 72
749 772
749 67
749 1216
749 832
749 814
749 349
749 445
749 1178
749 45
750 930
750 257
750 818
751 884
751 540
751 150
751 1203
751 198
751 945
751 749
751 262
751 1219
752 243
752 562
752 993
752 603
752 1097
752 68
752 925
752 825
753 547
753 832
754 352
754 1118
754 738
754 563
754 83
754 82
754 771
755 1127
755 816
755 257
755 461
755 245
755 110
756 664
756 35
756 922
756 545
756 182
757 993
757 1204
757 1114
757 1225
757 635
757 211
757 373
757 1135
757 1011
757 265
757 1090
757 118
757 845
758 762
758 978
758 1179
758 221
758 1196
759 623
760 279
760 506
760 41
760 363
760 905
760 1144
760 416
760 398
761 31
762 192
762 557
762 343
763 1097
763 627
763 712
763 834
763 166
763 1191
764 561
764 699
764 659
765 876
765 645
765 907
765 727
765 27
765 668
765 647
765 1203
765 713
765 749
765 251
765 655
765 876
765 1174
765 283
765 808
765 103
765 266
765 1131
765 1164
765 802
765 208
765 90
765 1058
765 780
765 1051
765 276
766 1194
766 306
766 210
766 903
766 1062
766 1197
767 790
768 804
768 581
768 995
768 843
768 1109
768 668
768 1075
768 1117
768 5
768 825
768 144
768 747
768 278
768 213
768 825
768 555
768 652
768 186
768 355
769 679
769 713
769 1142
769 32
769 749
770 322
770 801
770 860
771 1051
771 557
771 929
771 986
771 842
771 775
771 686
771 926
771 1051
772 544
772 834
772 1062
772 68
772 432
772 1026
772 221
772 207
772 134
772 695
772 200
772 732
772 1071
774 264
774 579
774 1163
774 1065
774 699
774 854
774 662
774 809
774 1062
775 239
775 1020
775 475
775 610
775 880
775 140
775 372
775 1102
775 1020
776 1027
776 367
776 243
776 907
777 241
777 107
777 242
777 709
777 198
778 623
778 929
778 1019
778 1124
779 714
779 512
780 1197
780 1051
780 1024
780 1099
780 939
780 432
781 894
781 605
781 101
782 513
782 195
782 981
782 707
782 400
782 1153
782 1174
782 934
782 624
783 386
783 1065
784 849
784 1012
785 709
785 1112
786 0
786 1186
787 306
787 30
787 901
787 516
787 526
787 102
787 386
787 1118
787 540
787 626
787 1210
787 829
788 361
788 1028
788 1084
788 825
788 111
788 1222
788 1107
789 50
789 899
790 639
790 158
791 986
791 605
791 437
791 665
791 148
792 854
792 845
792 597
792 748
792 845
792 431
792 1227
792 707
792 875
792 111
792 1090
792 1075
793 1020
793 1176
794 765
794 221
794 1216
795 251
795 180
795 462
795 648
795 595
795 1215
795 265
795 712
796 176
796 139
796 18
796 1028
796 925
796 645
796 57
796 1074
796 182
797 425
797 1067
797 500
797 825
797 1074
797 1179
797 543
797 207
797 796
798 319
798 513
798 337
798 66
798 41
799 278
799 556
799 1210
799 27
799 516
800 956
800 251
800 686
800 391
800 147
801 572
801 10
802 1020
802 518
802 714
802 1055
802 237
802 925
802 1062
802 395
802 1169
802 744
803 728
804 193
804 1228
804 869
804 563
804 871
804 606
805 893
805 29
805 963
805 417
805 839
805 769
805 1146
805 628
805 686
805 1228
805 354
805 216
806 107
806 64
806 430
806 600
806 99
806 712
806 640
807 304
807 322
807 977
807 283
807 1051
807 29
808 905
808 691
808 143
808 466
808 1092
808 223
808 385
808 60
809 269
809 684
809 1118
809 241
809 1119
809 1102
809 113
809 262
809 998
809 557
809 818
809 782
809 598
809 929
809 1003
809 725
809 72
809 1213
809 696
810 1065
811 554
811 504
812 367
813 681
813 1003
813 1020
813 1209
813 1109
813 360
813 603
813 272
814 642
814 453
814 563
814 1086
814 1169
814 675
814 1018
814 516
814 653
814 154
814 651
814 332
814 1102
814 406
815 1156
815 739
816 11
816 466
816 486
816 516
816 727
816 259
816 1228
816 461
816 628
817 477
818 1001
818 26
818 1201
819 188
820 563
820 78
820 602
820 102
821 1225
821 433
821 942
821 1178
821 65
821 792
822 693
822 1133
822 635
822 962
823 815
823 586
823 1020
823 146
823 212
823 603
823 68
824 511
825 448
825 434
825 1222
825 1021
825 415
825 1185
825 1030
825 939
825 655
825 1092
825 802
825 645
825 322
825 298
825 329
825 192
825 97
825 1012
825 47
825 63
825 564
825 141
825 787
825 998
825 384
825 252
825 18
825 594
825 538
825 763
825 894
825 426
825 1056
825 354
825 92
825 319
826 268
826 1005
826 533
826 1086
826 494
826 410
826 262
826 696
826 727
826 845
826 1102
827 352
827 757
827 603
827 1224
828 1098
828 969
829 223
829 1224
829 1080
829 1131
829 1181
829 37
829 364
829 513
829 695
829 668
829 1133
830 341
830 712
831 677
832 481
832 917
832 1128
832 191
832 837
832 199
832 652
832 731
832 745
832 882
832 791
832 357
833 205
833 381
833 1090
833 808
833 363
833 974
833 908
834 126
834 853
834 811
834 480
834 814
835 1012
835 683
835 1109
835 501
835 624
835 523
835 195
836 416
836 1133
836 22
837 536
837 564
837 262
837 450
837 754
837 585
837 316
837 373
838 857
838 757
839 50
839 494
839 257
839 1118
839 658
839 681
839 288
839 327
839 68
839 660
839 861
840 1109
840 1097
841 1092
841 1011
841 9
841 425
841 876
841 772
841 218
842 441
842 528
842 1210
842 1065
842 102
842 845
843 537
843 165
843 29
843 520
843 628
843 1087
843 1008
843 975
844 432
844 132
844 264
844 528
845 365
845 857
845 760
845 600
845 480
845 1102
845 385
845 76
845 308
845 270
845 498
845 760
845 768
845 514
845 34
845 1080
845 437
845 482
845 524
845 1073
845 386
845 746
845 229
845 739
845 1203
845 900
845 1090
845 849
846 1181
846 198
847 845
847 318
847 1020
847 531
847 412
848 692
848 418
848 1121
849 93
849 1060
849 270
849 400
849 267
849 425
849 430
850 589
850 1014
850 66
850 689
850 643
850 725
850 561
851 1177
851 513
851 1228
851 416
851 981
851 123
851 1048
852 768
852 166
852 221
852 140
852 771
852 63
852 341
852 147
852 215
852 653
853 796
853 64
853 77
853 143
853 1136
853 628
853 311
853 58
854 620
854 816
854 283
854 600
854 1084
854 998
854 34
854 1080
854 1127
854 1206
854 1193
854 387
854 128
855 1179
855 1194
855 688
856 651
857 1087
857 329
857 306
857 940
857 1136
857 752
857 1061
857 269
857 603
857 849
857 932
858 1074
858 802
858 599
859 101
859 68
859 603
859 98
859 194
859 725
860 564
860 44
860 1136
860 462
860 606
860 486
860 0
860 1098
861 232
861 490
861 481
861 143
861 1021
861 1228
861 960
861 449
862 1212
862 1006
862 279
862 1157
862 1193
862 813
862 768
862 506
862 261
862 369
862 26
862 604
863 513
863 1004
863 235
864 594
864 369
864 66
865 329
865 1033
865 1073
865 1097
865 1161
865 1177
865 511
865 169
866 501
866 1028
866 455
867 805
867 180
867 798
867 432
867 963
867 690
867 951
867 1206
867 1087
867 39
868 283
868 1169
868 627
868 902
868 519
868 159
868 645
869 114
869 235
869 749
869 953
869 1127
869 709
870 771
870 52
870 457
870 363
870 64
870 825
870 26
870 748
871 463
871 290
871 768
871 235
871 906
873 1164
873 288
873 493
873 444
873 514
873 1015
874 943
874 887
875 349
875 627
875 448
875 854
875 971
875 739
875 997
875 376
875 1195
875 1191
875 101
875 1083
875 269
875 157
875 1174
876 905
876 478
876 1206
876 337
876 1062
876 850
876 900
876 757
876 432
876 346
876 220
876 596
876 361
876 859
876 830
876 1062
876 114
876 54
876 76
876 246
876 5
876 1177
876 1079
876 544
876 1097
877 513
877 639
877 316
877 1167
877 313
877 205
878 445
879 757
879 88
879 1061
879 712
879 158
880 609
880 1133
880 404
880 712
880 306
880 976
880 71
880 1062
880 545
880 839
880 689
881 151
881 576
882 822
882 46
882 921
882 373
883 285
884 221
884 953
884 788
884 121
884 533
884 1118
884 934
884 1162
884 504
884 40
884 39
884 563
884 467
884 536
884 1009
885 449
886 281
887 358
887 176
887 656
887 976
888 329
888 861
888 1206
888 972
888 711
888 262
888 1203
888 404
888 751
888 772
888 1098
889 825
890 808
891 229
891 1171
892 865
893 322
893 939
893 401
893 498
894 684
894 1129
894 1008
894 1132
894 182
894 880
895 527
895 557
896 1208
897 707
897 961
897 218
897 1137
897 433
897 849
898 812
899 432
899 1200
899 670
899 1028
899 160
899 465
899 946
899 995
899 845
899 513
900 621
900 1026
900 369
900 608
900 1079
900 957
900 777
900 47
900 776
900 763
900 976
900 1068
900 115
900 1079
901 679
901 242
901 1210
901 903
901 1079
901 1043
901 521
901 877
901 1062
902 485
902 1006
902 993
902 1077
902 863
902 792
902 432
902 311
902 902
902 1009
902 185
902 301
902 1079
902 1102
902 367
902 1103
902 536
902 1220
902 978
902 1111
902 467
902 1174
902 47
902 655
903 466
903 486
903 463
903 208
903 578
903 1062
903 714
903 100
903 441
903 907
903 1194
904 329
904 225
905 478
905 363
905 466
905 151
906 697
906 721
906 902
906 1227
906 845
906 694
906 1162
906 229
906 909
906 696
906 191
906 505
907 91
907 379
907 297
907 853
907 351
907 107
907 772
908 1224
908 158
909 1166
909 649
909 111
909 771
910 192
911 120
912 54
912 839
914 329
914 748
914 916
914 354
914 734
914 564
914 768
914 1048
914 1012
914 882
914 651
914 160
914 5
914 160
914 281
915 1049
916 110
917 66
917 829
917 230
917 900
918 899
918 212
918 272
920 288
920 72
920 752
920 825
920 347
920 1206
920 476
921 1084
922 285
922 948
922 752
922 264
922 749
922 891
923 124
923 261
924 1111
924 34
924 306
924 621
924 481
924 601
924 879
925 1090
925 1067
925 1176
925 39
925 327
925 1220
925 901
925 909
925 1098
925 660
925 736
925 981
926 168
926 1228
926 583
926 111
926 90
927 327
927 262
928 970
928 978
928 1153
929 558
929 524
929 1201
929 608
929 457
929 183
929 1012
929 270
929 537
929 347
929 198
929 844
929 352
929 279
929 623
929 283
929 1103
929 684
929 1131
929 478
929 768
929 792
929 791
929 62
930 509
930 357
930 72
930 899
930 264
930 875
930 1228
930 11
930 25
930 409
931 329
931 1038
931 1027
931 325
931 337
931 63
931 808
932 1169
932 512
932 1137
933 57
933 325
933 1020
933 260
933 859
933 605
934 684
934 681
934 792
934 1085
934 175
934 56
934 1089
935 250
935 551
935 1197
936 826
936 1099
936 14
936 389
936 624
936 475
936 432
936 373
937 608
937 1142
937 46
938 361
938 406
939 235
939 432
939 764
939 224
939 133
939 432
939 792
939 486
939 867
939 478
939 68
939 696
939 861
940 681
940 1003
940 242
940 128
940 456
940 115
941 502
941 237
942 876
942 730
943 843
943 158
943 207
943 558
943 605
943 121
943 369
944 288
944 766
944 567
944 1066
944 929
944 158
945 591
945 969
946 340
946 356
946 202
946 465
946 861
946 564
946 704
946 147
947 256
947 1174
947 685
948 509
948 695
948 346
948 168
948 235
949 1012
949 174
949 205
949 1194
949 136
949 1194
950 382
951 1216
951 1086
951 1162
951 244
951 951
951 636
952 1131
952 288
952 243
952 749
952 962
952 897
953 479
953 1085
953 720
953 825
953 934
953 707
953 946
953 1038
953 1065
953 101
953 834
953 829
954 155
954 926
955 410
956 246
956 496
956 1033
956 534
956 240
957 792
957 1001
957 41
957 650
957 627
957 1062
957 861
957 229
958 588
959 1092
959 1098
960 1060
961 822
961 732
961 439
961 529
961 39
962 66
962 165
962 1109
962 508
962 542
962 160
962 1107
963 902
963 143
963 136
964 678
964 504
964 804
964 259
964 871
964 494
964 1012
964 92
964 455
964 75
964 154
964 1048
964 22
964 964
964 1027
964 1087
964 41
965 602
965 1219
966 939
966 635
966 1026
966 299
966 158
966 316
966 46
967 26
967 1014
967 1038
967 731
967 1038
967 934
967 160
967 712
968 176
968 909
968 845
968 1224
968 129
968 573
968 157
968 668
968 555
968 274
969 1059
969 787
969 547
969 1156
970 208
970 221
970 490
971 215
971 893
971 176
971 147
972 463
972 1169
972 928
972 1015
972 820
972 700
973 114
973 115
973 1206
973 1191
974 1058
974 1032
974 1218
974 60
974 1222
974 945
974 845
975 767
975 109
975 259
975 873
975 984
975 1003
976 876
976 962
976 1
976 1102
976 1213
976 897
976 463
976 1079
976 1056
977 766
977 1124
977 7
977 671
978 399
978 939
978 1203
978 183
978 1084
978 623
978 404
978 486
978 1012
978 1140
978 116
978 491
979 616
980 250
980 545
980 1194
980 603
980 1061
980 239
981 1174
981 346
981 209
981 420
981 772
981 978
981 1118
981 1171
981 90
981 1003
982 307
982 1161
982 1118
983 943
983 702
983 843
983 1044
983 72
984 1130
985 1043
985 262
986 725
986 1172
986 841
986 1103
986 511
986 79
986 1051
986 765
986 765
986 1
986 185
986 1012
986 47
986 1216
987 180
987 361
987 917
987 208
987 1222
988 946
989 40
989 1179
989 615
990 145
990 925
990 291
990 601
990 176
992 160
993 312
993 1203
993 902
993 662
993 1102
993 385
993 1229
993 1136
993 1211
993 1071
993 980
993 166
994 527
994 839
994 704
994 265
994 1014
994 191
995 432
995 963
995 475
995 1086
995 229
995 39
995 716
995 356
995 576
995 310
996 12
997 185
997 230
998 229
998 361
998 750
998 1203
998 41
998 751
999 513
999 369
999 1119
1000 1205
1000 281
1000 859
1001 858
1001 868
1001 731
1002 634
1002 538
1003 498
1003 740
1003 615
1003 749
1003 449
1003 1219
1003 41
1003 316
1003 649
1003 1141
1003 1116
1004 944
1005 501
1005 379
1005 266
1005 1020
1005 388
1005 439
1005 1111
1005 1030
1005 394
1005 949
1005 414
1006 432
1006 710
1006 1139
1007 1177
1007 914
1007 1120
1007 401
1008 651
1008 502
1008 1135
1009 1074
1009 1055
1009 1145
1009 1139
1009 189
1009 954
1009 147
1009 418
1009 709
1009 389
1009 978
1009 398
1009 487
1009 410
1009 60
1009 279
1009 723
1010 717
1010 154
1010 352
1010 432
1010 814
1010 832
1011 301
1011 897
1011 689
1011 714
1012 412
1012 521
1012 694
1012 1130
1012 816
1012 1021
1012 1206
1012 207
1012 114
1012 861
1012 322
1012 628
1012 594
1012 1164
1012 768
1012 1155
1012 309
1012 264
1012 1211
1012 605
1012 432
1012 1142
1012 319
1012 1059
1012 351
1013 755
1013 902
1013 1087
1013 229
1013 449
1014 880
1014 848
1014 1164
1014 1194
1014 1033
1014 751
1014 216
1015 1127
1015 766
1015 529
1015 808
1015 73
1015 201
1015 755
1015 948
1015 836
1015 1212
1015 1016
1015 512
1015 1197
1015 1174
1015 544
1016 1210
1016 616
1016 319
1017 888
1017 834
1017 749
1017 990
1017 361
1017 602
1018 483
1018 1003
1018 356
1018 290
1019 578
1019 651
1019 434
1019 710
1019 178
1020 558
1020 547
1020 420
1020 1179
1020 521
1020 160
1020 610
1020 1209
1020 1109
1020 466
1020 1199
1020 1125
1020 152
1020 806
1020 50
1020 1067
1020 1112
1020 45
1020 201
1020 240
1020 961
1020 1024
1020 563
1020 871
1020 859
1020 537
1020 576
1020 462
1020 1186
1020 1129
1020 216
1020 218
1020 860
1020 899
1020 927
1021 18
1021 1107
1021 884
1021 204
1021 689
1021 484
1021 221
1021 484
1021 792
1021 352
1022 509
1022 1022
1022 264
1023 1176
1024 403
1024 980
1024 68
1024 180
1024 394
1024 1154
1024 994
1024 411
1025 496
1025 367
1025 608
1025 990
1025 291
1026 1012
1026 99
1026 256
1026 110
1026 270
1026 1084
1026 1117
1027 946
1027 876
1027 244
1027 914
1027 506
1027 455
1027 1191
1027 702
1028 36
1028 757
1028 432
1028 175
1028 606
1028 980
1028 1117
1028 121
1028 707
1028 1015
1028 875
1028 230
1028 1078
1028 740
1028 849
1028 993
1028 169
1028 82
1028 295
1029 888
1029 900
1029 352
1029 160
1029 800
1029 95
1029 655
1030 1118
1030 453
1030 697
1030 1
1030 893
1030 749
1030 494
1030 670
1030 54
1030 158
1030 813
1030 105
1030 136
1030 683
1030 699
1030 212
1030 1021
1030 961
1030 981
1030 1164
1030 15
1031 387
1031 215
1031 902
1031 64
1031 1124
1032 813
1032 905
1032 1064
1033 97
1033 986
1033 715
1033 1001
1033 201
1033 1087
1033 136
1033 134
1033 439
1033 1038
1033 621
1033 78
1033 118
1033 566
1034 229
1034 827
1037 940
1037 560
1038 1144
1038 713
1038 44
1038 319
1038 134
1038 883
1038 1194
1038 101
1038 425
1038 980
1038 506
1040 966
1040 1177
1042 521
1042 832
1042 1138
1042 143
1042 675
1042 689
1042 279
1042 230
1042 1205
1042 816
1042 884
1042 75
1042 905
1042 242
1043 709
1043 186
1043 229
1043 782
1043 451
1044 1099
1044 751
1045 8
1045 369
1045 752
1046 986
1047 618
1047 52
1048 809
1048 484
1048 37
1048 754
1048 1186
1048 245
1049 628
1049 901
1049 765
1049 494
1049 425
1050 1177
1050 361
1050 847
1050 433
1050 721
1051 1118
1051 58
1051 939
1051 1107
1051 870
1051 1137
1051 56
1051 604
1051 809
1051 159
1051 19
1051 155
1051 63
1051 4
1051 768
1051 902
1051 263
1051 5
1051 624
1051 404
1051 369
1051 952
1051 234
1051 581
1051 527
1051 615
1051 147
1051 225
1051 1030
1053 557
1055 603
1055 396
1055 1098
1055 709
1055 52
1055 579
1056 245
1056 540
1056 1109
1056 990
1056 334
1056 968
1056 557
1056 994
1056 604
1056 1098
1056 749
1056 1206
1056 467
1056 986
1057 511
1058 749
1058 1020
1058 486
1058 367
1058 1154
1058 1028
1058 769
1058 647
1059 265
1059 371
1059 1199
1059 513
1059 46
1059 791
1059 227
1059 1164
1059 1133
1060 1006
1060 947
1060 23
1061 113
1061 1025
1061 244
1061 456
1061 798
1061 308
1061 132
1061 741
1061 337
1061 329
1061 564
1061 1027
1061 26
1062 1050
1062 516
1062 847
1062 508
1062 867
1062 8
1062 966
1062 1181
1062 876
1062 821
1062 465
1062 307
1062 1022
1062 52
1062 296
1062 1171
1062 1056
1062 792
1062 266
1062 741
1062 849
1062 800
1062 929
1062 673
1062 686
1063 436
1063 1228
1064 253
1064 60
1064 456
1064 959
1064 757
1064 755
1064 352
1064 902
1065 1203
1065 140
1065 864
1065 116
1065 511
1065 160
1065 54
1065 929
1065 978
1065 358
1065 681
1065 165
1065 799
1065 1040
1065 329
1065 1123
1066 114
1067 387
1067 266
1067 1088
1067 467
1067 1203
1067 158
1067 942
1067 329
1068 68
1068 1074
1068 809
1068 192
1070 207
1071 655
1071 844
1071 1162
1071 9
1071 1141
1072 914
1073 709
1073 475
1073 1107
1073 826
1073 120
1073 572
1073 484
1073 940
1073 285
1073 283
1074 1228
1074 880
1074 258
1074 744
1074 466
1074 900
1074 1197
1074 1008
1074 516
1074 675
1074 230
1074 606
1074 774
1074 55
1074 57
1074 227
1074 762
1074 907
1074 536
1074 768
1074 961
1074 536
1074 850
1075 8
1076 166
1077 692
1077 1222
1077 319
1078 903
1078 234
1078 268
1078 90
1078 837
1078 411
1078 56
1078 494
1078 669
1078 472
1078 121
1079 343
1079 709
1079 690
1079 1084
1079 833
1079 529
1079 865
1079 826
1079 121
1079 352
1079 1131
1079 1218
1079 505
1079 1018
1079 929
1079 40
1079 199
1079 313
1079 1136
1080 765
1080 433
1080 598
1080 369
1080 9
1080 755
1081 519
1081 929
1081 783
1081 479
1081 416
1081 440
1081 689
1082 111
1083 514
1083 1063
1083 319
1084 105
1084 125
1084 122
1084 887
1084 1045
1084 711
1084 998
1084 888
1084 22
1084 987
1084 1174
1084 741
1084 1008
1084 1110
1085 121
1085 1030
1085 715
1086 433
1086 251
1086 1021
1086 1172
1086 463
1086 348
1086 386
1086 775
1086 114
1086 362
1086 1177
1086 619
1086 619
1086 914
1086 1118
1086 1203
1087 901
1087 389
1087 788
1087 902
1087 873
1087 689
1087 1079
1087 90
1087 121
1088 1153
1088 903
1088 1178
1089 623
1089 942
1089 731
1089 519
1090 968
1090 851
1090 369
1090 954
1090 635
1090 369
1090 885
1090 674
1090 235
1091 754
1091 975
1091 264
1092 185
1092 555
1092 432
1092 1099
1092 873
1092 188
1092 638
1092 520
1092 364
1092 360
1092 69
1092 564
1092 722
1092 329
1092 285
1092 1174
1092 441
1092 438
1092 1131
1092 234
1092 564
1093 707
1093 1174
1093 369
1094 1103
1094 1171
1094 1098
1095 1015
1095 1043
1095 1073
1095 1222
1096 1016
1097 837
1097 396
1097 501
1097 496
1097 792
1097 722
1097 436
1097 865
1097 498
1097 1179
1097 480
1097 770
1097 1020
1097 251
1097 282
1097 313
1098 931
1098 619
1098 223
1098 1224
1098 46
1098 435
1098 1138
1098 785
1098 809
1098 327
1098 750
1098 456
1098 1204
1098 47
1098 1020
1098 1153
1098 624
1098 1043
1099 1102
1099 765
1099 510
1099 1020
1099 20
1099 854
1099 561
1100 1062
1100 1125
1100 199
1101 377
1101 1009
1101 453
1101 800
1101 714
1101 265
1102 334
1102 1133
1102 757
1102 1206
1102 369
1102 164
1102 1110
1102 1026
1102 1033
1102 224
1102 1092
1102 432
1102 702
1102 907
1102 1001
1103 92
1103 656
1103 825
1103 1003
1103 857
1105 1062
1105 1141
1105 882
1105 38
1105 1109
1105 361
1105 1161
1105 428
1105 600
1105 120
1105 1203
1105 1224
1105 702
1105 279
1105 1164
1106 1154
1106 87
1107 1225
1107 213
1107 690
1107 1162
1107 968
1107 968
1107 694
1107 203
1108 1059
1108 636
1108 804
1108 357
1109 1061
1109 435
1109 825
1109 1189
1109 897
1109 947
1109 24
1109 1132
1109 948
1109 151
1109 201
1109 114
1109 1225
1109 746
1109 929
1109 990
1109 1020
1109 361
1109 557
1109 534
1109 978
1109 1065
1109 1215
1110 181
1110 209
1110 95
1110 224
1110 1021
1111 798
1111 558
1111 1028
1111 453
1111 398
1111 901
1111 53
1111 929
1111 906
1111 1181
1111 835
1112 825
1112 906
1112 1030
1112 1071
1112 343
1113 942
1113 91
1114 205
1114 962
1115 701
1115 362
1115 49
1115 638
1115 635
1115 796
1116 1015
1116 369
1117 602
1117 380
1117 581
1117 139
1117 72
1118 715
1118 64
1118 1102
1118 813
1118 102
1118 979
1118 278
1118 686
1118 550
1118 810
1118 537
1118 1074
1118 1091
1118 82
1118 880
1118 1021
1118 766
1119 480
1119 412
1119 690
1119 748
1119 26
1119 1224
1119 905
1119 862
1119 187
1119 251
1119 882
1120 512
1120 9
1120 888
1120 805
1120 625
1121 518
1121 103
1121 368
1121 1214
1121 20
1121 1167
1121 176
1121 1143
1121 796
1121 867
1121 984
1121 416
1122 981
1123 877
1123 914
1123 823
1124 482
1124 1227
1124 8
1124 166
1124 624
1124 201
1124 533
1124 882
1124 1043
1125 1098
1125 619
1125 1086
1125 382
1125 20
1125 1189
1125 481
1125 1020
1126 1033
1126 802
1126 1109
1126 1197
1126 945
1126 572
1127 1010
1127 235
1127 121
1127 597
1127 389
1127 907
1127 513
1127 273
1127 27
1127 285
1127 876
1128 395
1128 903
1128 1031
1128 1199
1128 1215
1128 752
1128 528
1128 205
1128 1145
1128 131
1128 266
1128 46
1128 805
1128 763
1128 986
1128 665
1129 390
1129 315
1129 541
1129 399
1130 357
1131 1105
1131 259
1131 1212
1131 501
1131 22
1131 1011
1131 229
1131 221
1131 670
1131 566
1131 809
1131 72
1131 31
1131 602
1131 914
1132 605
1132 805
1132 693
1132 64
1132 1169
1132 594
1132 1154
1133 311
1133 68
1133 1136
1133 494
1133 1156
1133 1073
1133 1138
1133 869
1133 558
1133 1078
1133 1142
1133 736
1133 421
1133 425
1133 106
1135 1177
1135 742
1135 509
1135 46
1136 796
1136 223
1136 149
1136 217
1136 857
1136 438
1136 1154
1136 900
1136 1063
1136 491
1136 944
1136 901
1137 546
1137 450
1137 1098
1137 600
1137 809
1137 1161
1137 158
1138 264
1138 262
1138 996
1138 7
1139 387
1139 802
1139 49
1139 262
1139 319
1140 181
1140 216
1140 551
1140 444
1140 405
1141 509
1141 42
1141 218
1141 858
1142 538
1142 1012
1142 234
1142 245
1142 832
1142 1225
1142 1094
1143 1125
1143 455
1143 1139
1144 50
1145 136
1145 1206
1145 796
1145 1078
1146 369
1146 185
1146 529
1146 1105
1146 563
1147 765
1147 152
1147 386
1148 523
1148 195
1148 411
1148 1097
1149 519
1150 158
1152 365
1152 550
1152 391
1152 182
1152 805
1152 168
1153 765
1153 800
1153 671
1153 1017
1154 731
1154 763
1154 517
1154 341
1154 857
1154 227
1154 348
1154 377
1154 436
1154 160
1154 221
1154 704
1154 1224
1154 160
1154 158
1155 876
1155 1000
1155 278
1155 270
1155 1064
1156 920
1156 375
1156 92
1157 41
1157 619
1157 465
1157 1109
1157 825
1157 725
1158 1075
1158 649
1158 364
1158 962
1158 363
1158 939
1158 516
1158 1003
1159 1178
1160 768
1160 895
1160 481
1160 47
1161 589
1161 639
1161 845
1161 1108
1161 498
1161 930
1161 654
1161 387
1161 417
1161 1167
1161 557
1161 436
1161 400
1161 259
1161 624
1161 350
1161 563
1162 146
1162 870
1162 826
1162 524
1162 963
1162 188
1162 274
1162 1145
1162 316
1162 307
1162 970
1162 382
1162 902
1162 1111
1163 453
1163 417
1164 9
1164 1020
1164 862
1164 274
1164 352
1164 2
1164 899
1164 216
1164 774
1164 990
1164 230
1164 372
1164 1118
1164 198
1164 1033
1164 1119
1164 1206
1164 922
1164 944
1164 1111
1164 233
1165 1081
1165 993
1166 123
1167 658
1167 181
1167 684
1167 72
1167 4
1167 31
1168 480
1169 1079
1169 498
1169 746
1169 978
1169 536
1169 1161
1169 1181
1169 899
1169 1097
1169 989
1170 900
1171 673
1171 1030
1171 53
1171 1094
1171 604
1171 1099
1171 930
1171 1020
1171 1212
1171 825
1172 430
1172 448
1172 283
1172 873
1172 18
1172 329
1172 84
1172 608
1172 594
1172 1024
1172 1223
1173 455
1173 79
1173 1010
1173 888
1173 138
1173 884
1173 1194
1174 771
1174 185
1174 483
1174 135
1174 26
1174 89
1174 646
1174 349
1174 150
1174 431
1174 506
1174 1071
1176 853
1176 1009
1176 868
1176 876
1176 414
1176 496
1176 1187
1176 229
1176 377
1176 560
1176 536
1176 948
1176 385
1176 27
1176 744
1177 851
1177 155
1177 820
1177 1174
1177 586
1177 15
1177 1136
1177 792
1178 274
1178 1225
1178 477
1178 738
1178 361
1178 266
1178 82
1179 728
1179 68
1179 614
1179 401
1179 494
1179 1206
1179 826
1179 101
1179 618
1179 370
1179 402
1179 346
1179 722
1179 1119
1179 741
1181 270
1181 182
1181 1194
1181 160
1181 259
1181 319
1181 151
1182 251
1183 487
1183 1105
1183 25
1183 689
1184 552
1184 189
1184 907
1184 518
1184 205
1184 805
1184 62
1184 1224
1185 833
1185 823
1185 42
1185 741
1186 1080
1186 486
1186 490
1186 900
1186 835
1186 27
1186 757
1187 381
1188 231
1189 1062
1189 78
1190 909
1191 746
1191 1137
1191 193
1191 1073
1191 477
1191 455
1191 1085
1191 807
1191 506
1191 1102
1193 1098
1193 245
1193 621
1193 1203
1193 1009
1193 37
1194 760
1194 292
1194 1191
1194 1031
1194 251
1194 1131
1194 970
1194 772
1194 88
1194 519
1194 109
1194 993
1194 144
1194 209
1194 884
1194 1020
1194 821
1194 152
1194 1115
1194 938
1194 398
1195 113
1195 467
1195 360
1196 243
1196 306
1196 1171
1196 805
1196 448
1196 1029
1196 757
1197 1109
1197 791
1197 436
1197 90
1197 82
1197 770
1198 700
1198 1225
1198 1128
1198 603
1198 526
1199 111
1199 81
1199 495
1199 854
1199 508
1199 807
1200 319
1200 239
1200 795
1200 270
1201 729
1201 283
1201 829
1202 1051
1203 563
1203 1204
1203 766
1203 548
1203 557
1203 965
1203 269
1203 775
1203 348
1203 1210
1203 373
1203 765
1203 822
1203 203
1203 225
1203 1196
1203 192
1203 749
1203 618
1203 677
1204 135
1204 456
1204 845
1204 929
1204 1033
1204 481
1204 986
1204 102
1205 465
1205 369
1205 841
1205 287
1206 185
1206 603
1206 1191
1206 398
1206 876
1206 245
1206 437
1206 650
1206 1071
1206 986
1206 681
1206 140
1206 826
1206 1206
1206 1103
1206 867
1206 713
1206 717
1206 514
1206 514
1206 899
1206 1174
1206 229
1206 22
1206 536
1207 329
1207 824
1208 804
1208 698
1208 330
1208 291
1208 191
1208 9
1209 1019
1209 944
1209 786
1209 825
1209 1065
1210 183
1210 1012
1210 1210
1210 1075
1210 1178
1210 757
1210 49
1210 1205
1210 115
1210 1079
1210 536
1210 866
1210 1179
1210 138
1210 531
1210 825
1210 810
1211 205
1211 1009
1212 467
1212 433
1212 1059
1212 736
1212 827
1212 302
1212 438
1212 303
1212 1091
1212 832
1212 591
1213 903
1214 1206
1214 225
1215 22
1215 321
1215 876
1215 115
1215 273
1215 114
1215 901
1215 151
1215 1187
1215 1203
1215 1200
1216 520
1216 1224
1216 401
1216 948
1216 568
1216 307
1216 350
1216 591
1216 345
1216 929
1217 1186
1218 1012
1218 875
1218 284
1218 1158
1219 190
1219 1140
1219 187
1219 1107
1219 1051
1219 1108
1219 445
1220 929
1220 894
1220 934
1221 436
1221 92
1221 363
1221 361
1222 131
1222 50
1222 1210
1222 54
1222 484
1222 647
1222 1088
1222 64
1222 563
1222 1132
1222 84
1222 729
1222 349
1222 1125
1222 763
1222 75
1222 456
1222 894
1222 825
1223 14
1223 702
1223 229
1223 75
1223 91
1224 805
1224 265
1224 326
1224 741
1224 1105
1224 639
1224 430
1224 237
1224 161
1224 880
1224 670
1224 1224
1224 536
1224 113
1224 744
1224 1102
1225 1131
1225 853
1225 450
1225 396
1225 1042
1225 1026
1225 825
1225 788
1225 1078
1225 234
1225 714
1225 744
1225 1164
1225 202
1225 181
1225 835
1225 703
1227 829
1227 433
1227 1169
1227 937
1227 847
1228 365
1228 1087
1228 131
1228 432
1228 1185
1228 401
1228 952
1228 246
1228 480
1228 964
1228 845
1228 141
1228 421
1228 1132
1228 944
1228 842
1228 414
1228 341
1228 1080
1228 239
1229 1073
1229 306
