0 794
1 1083
1 158
1 451
1 132
3 689
3 630
4 1215
5 18
5 608
5 689
5 1021
5 959
5 789
5 958
6 438
6 1225
7 865
7 650
7 287
7 980
7 256
7 166
7 748
8 115
8 1221
8 283
8 266
8 903
8 1015
9 777
9 852
9 496
9 506
9 588
9 396
9 902
9 101
9 1113
9 791
9 396
9 837
9 763
9 1133
10 511
10 15
11 362
11 907
12 1079
12 283
12 832
14 7
15 506
15 122
15 68
15 726
16 1
16 501
16 384
18 437
18 774
18 156
20 135
20 480
20 1038
22 971
22 841
22 302
23 662
23 278
24 131
25 1095
25 1009
25 1187
26 352
26 229
26 895
26 219
28 457
28 906
28 903
28 947
28 101
29 218
29 1072
29 464
30 1158
31 232
31 218
31 1184
32 275
32 1119
32 128
32 875
32 1059
32 32
32 9
32 126
32 508
32 478
33 1221
33 255
34 342
34 557
34 1014
34 562
34 649
34 1147
34 1179
34 58
34 986
34 804
34 925
34 859
34 399
36 986
36 800
37 696
37 350
37 288
37 725
38 1221
38 486
38 305
38 470
39 799
39 361
39 472
41 534
41 448
41 69
41 191
41 436
42 369
42 582
42 805
42 605
43 1012
45 56
45 416
46 170
46 930
46 1215
46 389
46 534
46 1203
47 126
47 194
47 398
47 1121
47 1050
49 323
50 772
50 597
50 102
50 441
50 1040
50 267
50 200
50 741
50 981
50 9
50 166
50 979
51 370
51 547
51 506
52 714
53 50
53 467
53 1015
53 688
53 113
53 1103
53 58
53 432
54 1079
54 258
54 943
54 186
54 1172
55 394
55 940
56 850
56 833
56 433
56 521
58 613
58 534
58 410
58 994
58 1032
58 467
59 1097
59 62
60 745
60 467
61 102
62 591
62 920
63 1151
63 913
63 270
63 308
63 511
64 562
64 867
64 1225
64 448
64 302
64 409
64 791
64 774
64 30
64 619
64 32
64 65
64 155
65 465
65 667
65 441
65 555
65 291
66 771
66 651
66 924
66 38
66 924
66 566
66 895
66 547
67 352
67 894
68 516
68 930
68 830
68 1043
68 486
68 953
68 1111
68 793
68 126
68 521
68 394
68 449
68 249
68 583
68 170
69 167
71 487
71 549
72 371
73 361
74 1204
75 867
75 232
75 1115
75 432
75 524
75 182
76 654
76 419
76 947
77 113
78 285
78 859
79 647
79 486
80 749
82 987
82 707
82 651
82 649
82 1146
82 730
83 816
84 12
84 506
84 54
85 1102
85 513
85 1125
86 900
87 521
87 129
87 545
88 850
88 367
89 943
89 1133
89 1074
89 1179
90 804
90 1063
90 725
90 832
90 288
91 765
91 524
91 320
91 205
91 1105
91 135
92 341
92 102
92 699
92 9
92 654
92 903
92 362
92 903
92 583
92 619
93 1132
93 809
94 927
96 69
98 736
99 310
99 319
99 906
99 387
99 1042
100 1121
101 662
101 393
101 971
101 1103
101 529
102 707
102 355
102 1080
102 1223
102 8
102 534
102 1136
102 1179
102 608
102 840
102 693
102 155
103 724
103 163
104 273
104 557
104 66
104 189
104 625
104 524
104 831
105 550
105 957
105 361
105 506
105 128
105 251
105 1086
106 1223
106 483
106 785
106 546
107 1133
107 419
107 841
107 54
107 535
107 765
107 463
108 1183
108 1060
109 597
110 531
110 946
110 498
111 845
111 934
111 1081
111 488
111 200
112 9
113 1056
113 1140
113 1118
113 347
115 859
115 765
115 126
115 474
115 198
116 185
116 562
116 1222
116 1074
116 1090
116 1219
117 47
118 190
120 649
121 583
121 512
121 739
121 430
122 1059
122 187
122 920
124 1059
124 176
124 231
126 10
126 513
126 280
126 696
126 1109
126 1040
126 1179
126 875
126 456
126 550
128 1134
128 216
128 688
128 1176
128 953
129 730
129 329
129 200
129 1091
129 1196
129 106
129 445
129 913
130 929
130 725
131 644
131 415
131 1161
132 232
132 376
132 283
132 1036
133 1185
133 349
134 215
134 846
134 106
134 91
135 287
135 1218
136 1075
136 715
136 1198
137 923
137 1161
138 843
138 1222
138 1179
138 8
138 387
139 367
139 608
140 7
140 7
140 414
140 357
140 914
140 456
140 578
141 1180
141 651
143 64
144 464
144 381
145 994
145 1128
147 90
147 801
147 1079
147 303
147 913
147 707
148 769
148 418
148 526
149 1057
149 110
149 1200
150 435
150 367
151 1020
151 1111
151 303
151 752
151 474
151 589
152 239
152 785
152 506
152 466
152 367
152 18
153 826
153 902
155 369
155 37
155 431
155 1063
155 1028
155 882
155 267
156 1079
156 754
156 1063
157 1191
157 551
157 971
158 682
158 158
158 682
158 419
158 1121
158 513
158 851
158 337
158 227
158 50
158 890
158 865
158 617
158 102
158 1154
158 108
158 502
158 1179
160 1219
160 976
160 549
161 435
162 275
162 416
162 911
162 373
163 158
163 64
163 287
163 42
163 346
165 148
165 795
165 619
166 802
166 433
166 1033
166 920
167 77
167 486
167 739
167 837
167 324
167 367
167 433
167 943
168 75
168 1121
169 953
169 956
170 23
170 1087
170 294
170 1176
170 417
170 1133
171 747
173 536
174 609
174 1007
175 1067
175 369
175 150
175 64
175 1079
175 724
176 899
176 971
176 246
176 1107
176 266
178 689
179 705
180 370
180 139
180 347
180 301
180 619
181 462
181 547
181 66
181 583
181 326
181 487
181 221
182 901
182 542
182 456
183 32
184 380
185 867
185 323
185 1224
185 1097
185 526
185 1003
185 414
185 814
185 544
185 180
186 335
186 355
186 597
187 715
187 12
187 283
187 175
187 9
187 92
187 1012
188 281
188 205
189 65
190 1137
190 1206
191 9
191 419
191 1099
193 1079
193 130
193 68
193 769
193 749
193 67
193 953
194 673
194 1228
194 667
194 456
194 433
195 839
195 133
197 284
198 89
198 163
198 837
198 50
198 1058
198 597
199 107
199 591
200 846
200 628
200 573
200 1120
200 370
200 712
200 908
200 834
200 1208
200 1059
200 1164
201 368
201 903
202 839
203 1093
205 304
205 34
205 167
205 512
205 456
205 826
205 914
205 337
205 1079
208 1109
208 557
209 533
209 765
209 550
210 550
210 285
210 444
211 1079
211 1205
211 1015
211 90
212 113
212 498
212 867
212 233
212 619
213 860
213 433
214 370
215 925
215 239
216 1196
216 321
216 346
216 759
216 384
216 195
216 1031
217 520
218 11
218 1139
218 906
218 1029
219 736
219 1080
220 976
220 790
221 409
221 89
222 976
223 867
223 906
223 1109
223 1099
223 1139
224 279
224 1118
225 1095
225 32
226 64
226 800
227 964
227 169
227 251
227 648
228 760
229 451
229 985
229 854
229 365
229 361
229 96
229 173
229 845
229 899
229 471
229 352
229 145
229 268
229 1034
229 550
229 65
229 1132
229 435
230 669
231 468
231 1000
231 262
231 1185
232 700
232 987
232 456
232 152
232 877
233 29
234 25
234 1090
235 1212
235 1042
235 603
235 912
235 1218
235 229
235 749
236 451
236 65
236 1071
237 1080
239 500
239 814
239 1078
239 5
239 1015
239 749
239 707
239 126
240 90
240 1186
240 547
241 1206
241 223
241 834
241 608
242 438
242 867
243 948
243 610
243 814
244 1051
244 129
245 749
245 952
245 725
245 472
245 549
246 772
247 32
247 450
247 562
248 711
248 1081
249 181
249 550
249 506
250 1057
251 1184
251 913
251 519
251 610
251 557
251 513
251 439
251 162
251 1161
251 901
251 624
252 1216
252 313
252 976
252 782
253 1192
255 649
255 262
256 1187
256 246
256 461
256 814
256 1176
256 104
256 47
257 350
257 816
257 1097
257 589
258 1187
259 105
259 681
259 419
259 466
261 739
261 1079
262 591
262 814
262 448
262 1099
262 1008
262 669
262 1038
262 1139
262 1006
262 158
263 102
264 46
264 355
264 111
264 1171
265 928
265 1015
265 609
265 557
266 728
266 833
266 765
266 1060
266 1044
266 545
266 504
266 64
266 1201
266 1073
266 140
267 50
267 1147
268 1161
268 285
268 1013
268 1042
269 1163
269 229
269 679
269 1187
270 126
270 155
270 739
271 1124
271 1115
271 187
271 1086
271 912
272 681
272 303
272 949
273 1106
273 536
273 982
274 416
274 686
274 695
275 739
276 693
276 352
277 971
278 513
278 982
278 591
279 1183
279 186
279 709
279 760
279 258
279 826
279 1201
280 421
280 1172
280 139
280 147
281 584
281 486
283 785
283 533
283 936
283 486
283 854
283 1050
284 1196
284 1113
284 138
285 1221
285 1015
285 746
285 1175
285 1164
286 765
287 976
287 190
287 953
287 364
288 1109
288 105
288 68
288 352
288 511
288 804
288 306
288 56
288 609
288 64
289 41
289 825
290 478
290 900
290 1162
290 281
290 84
290 1059
291 1079
291 1167
291 644
291 8
291 688
291 997
291 1059
291 707
291 456
292 89
292 463
292 490
292 122
293 432
293 906
293 726
294 212
295 647
295 901
296 658
298 41
298 350
299 873
300 907
300 266
300 541
301 759
302 1024
302 264
303 1084
303 229
304 1065
304 279
304 848
305 369
306 185
306 576
306 165
306 42
306 58
306 1084
307 745
308 450
308 1222
308 1032
310 1176
310 180
310 1093
311 46
311 1013
311 600
311 235
312 900
312 1107
313 371
314 208
316 513
319 291
319 490
319 90
319 690
319 478
320 22
320 682
320 26
320 533
321 187
321 374
321 1084
321 472
322 1073
323 1050
323 659
323 854
323 82
323 176
323 506
324 53
325 651
326 200
327 319
327 854
328 597
329 555
329 148
330 1153
330 777
331 132
332 853
333 804
335 1091
337 591
337 621
337 419
337 609
337 440
337 384
337 506
337 1099
337 155
337 448
337 231
337 849
337 605
337 14
338 800
338 1222
339 438
340 939
340 251
341 1027
341 575
341 1206
341 1139
341 50
342 433
343 87
343 624
343 880
344 679
345 187
345 688
345 1001
346 1133
346 62
346 9
346 462
347 1079
347 1038
348 1046
348 1118
349 561
349 902
350 601
350 400
350 789
350 804
351 839
352 809
352 171
352 627
352 618
352 608
352 609
352 827
352 975
353 337
354 564
354 1187
355 1093
355 612
355 398
355 308
356 1060
357 257
358 1161
359 626
360 438
361 1115
361 389
361 746
361 812
361 1111
361 650
361 397
361 636
361 66
361 513
361 1146
361 1219
361 189
361 1113
361 774
361 771
361 1035
361 1066
361 689
362 619
362 441
363 834
363 1001
363 1008
363 972
364 200
364 726
364 735
365 567
365 216
365 1040
365 920
365 1162
365 639
365 51
365 1167
365 379
366 1224
367 310
367 571
367 651
367 433
367 468
367 860
367 1175
367 55
367 704
367 1059
367 433
368 59
368 448
368 58
368 1133
369 1187
369 854
369 56
369 889
369 757
369 433
369 1183
369 889
369 1098
369 903
369 683
369 433
369 827
369 438
369 472
370 1026
370 875
370 902
370 841
370 1040
371 364
371 138
371 772
372 1125
372 175
373 772
373 1124
373 1059
373 1098
374 380
374 198
376 1222
376 631
376 1125
377 1171
378 358
379 657
379 586
379 1227
380 1081
380 594
380 1064
380 539
380 1223
381 126
381 433
381 809
382 1224
383 421
384 895
384 1131
384 210
384 512
384 181
384 343
385 900
385 5
385 113
385 346
386 752
387 85
387 760
387 361
387 1073
388 1209
388 325
389 468
389 624
389 501
389 513
389 624
389 513
389 456
389 651
391 1081
393 804
393 498
394 793
394 1215
394 5
395 603
395 650
395 7
396 931
396 113
396 827
396 1133
396 450
397 1199
398 201
398 1151
398 569
398 47
398 1071
398 834
399 619
399 512
400 670
401 775
401 1039
403 506
403 670
404 58
406 9
406 327
406 231
407 1092
408 278
409 1099
410 814
410 92
410 786
410 494
410 938
411 630
411 431
411 860
413 1054
414 435
414 186
414 1067
414 472
415 220
416 42
416 283
416 9
416 765
416 1216
416 337
416 295
416 228
416 1029
416 961
416 190
416 865
416 1029
416 825
417 465
417 399
417 584
417 843
417 367
417 906
418 247
418 1087
419 1224
419 608
419 826
419 15
419 516
420 60
420 609
420 760
420 719
420 1078
420 1020
421 793
421 762
421 278
422 467
423 487
425 1
425 1179
425 145
425 754
425 944
426 437
430 1009
430 654
430 774
430 486
430 476
431 1060
431 504
431 1080
431 1042
432 1190
432 1178
432 1225
432 621
432 1221
432 1109
432 39
432 373
433 283
433 1133
433 42
433 609
433 88
433 388
433 433
433 285
433 1047
433 456
433 711
433 769
433 6
433 241
433 647
433 278
433 290
433 1021
433 1040
433 181
433 243
433 128
433 1085
433 249
433 1221
433 259
433 1125
433 420
433 100
433 1063
433 252
433 1051
433 9
434 902
435 453
435 913
435 872
436 624
437 337
437 1199
438 32
438 1032
438 1142
438 91
439 205
439 983
439 588
439 65
439 1080
439 608
440 205
440 484
440 430
440 380
440 1079
441 352
441 800
441 218
441 930
441 562
441 1124
441 707
441 696
443 849
444 808
444 618
444 387
444 920
444 623
445 465
445 868
445 902
445 686
448 92
448 155
448 976
448 1171
448 367
448 384
448 1006
448 712
448 545
448 274
448 396
448 223
448 1013
448 68
448 385
449 545
449 384
449 1138
449 725
449 619
449 42
450 235
450 867
450 679
450 337
450 490
451 124
451 1014
451 83
451 769
451 90
451 1084
451 681
451 1056
451 513
451 1026
451 747
452 443
453 496
453 287
453 825
453 1125
453 1193
455 289
455 1205
455 185
455 914
456 498
456 877
456 804
456 92
456 887
456 430
456 491
456 1222
456 1051
456 867
456 372
456 1116
456 498
456 1060
456 1164
456 103
456 1056
456 215
456 768
456 102
456 1191
456 1178
456 294
457 750
457 1216
458 1163
460 793
461 140
462 940
462 1067
462 279
462 486
462 555
462 91
462 765
462 58
463 448
463 186
463 185
464 547
464 1084
464 1021
464 808
464 1174
465 1194
465 1086
465 484
465 502
465 292
465 1152
465 1059
465 807
465 631
465 409
465 953
465 654
466 650
466 325
466 88
467 60
467 585
467 1009
467 1133
467 802
467 10
467 1225
467 359
468 474
468 581
468 456
470 416
470 845
470 1056
471 1086
472 361
472 585
472 422
472 7
473 769
474 361
474 525
474 496
474 181
474 1228
474 753
474 1020
475 1086
476 1186
476 433
476 1074
477 80
478 452
478 766
478 1062
478 618
478 768
480 1178
480 42
480 1028
481 546
481 901
481 259
481 1110
481 1176
482 64
482 433
482 433
482 433
482 1054
483 107
483 869
483 802
484 32
484 181
484 1222
484 135
485 64
485 695
486 897
486 739
486 625
486 871
486 1092
486 229
486 938
486 182
486 1028
486 1049
486 266
486 964
486 365
486 1161
486 433
486 1164
486 240
486 1208
486 448
486 1121
486 389
486 126
486 1120
486 1060
486 498
486 1204
486 1219
486 519
486 1057
486 1136
486 547
486 158
487 793
487 948
488 1121
488 739
489 236
490 651
490 175
490 1161
490 841
490 203
490 860
491 605
491 229
491 1058
493 300
494 1038
494 132
494 943
495 1121
496 251
496 1017
496 1208
496 943
496 1209
496 158
497 465
497 1115
498 739
498 814
498 101
498 898
498 736
498 536
498 524
498 92
498 578
498 1103
498 1029
499 433
499 68
500 464
500 352
500 110
501 1146
501 417
502 223
502 53
502 1147
502 396
504 791
504 581
504 608
504 470
504 1038
505 651
505 975
506 911
506 1180
506 9
506 765
506 746
506 677
506 963
506 1073
506 788
506 288
506 576
506 223
506 982
506 549
506 746
506 391
506 811
506 1086
506 388
506 557
507 320
508 520
509 749
509 284
509 772
509 555
511 1151
511 209
511 34
511 1084
511 223
511 615
512 506
512 1204
512 832
512 227
512 550
512 1020
512 767
512 461
512 924
513 264
513 1140
513 774
513 522
513 466
513 772
513 239
513 178
513 866
513 369
513 251
513 1118
513 274
513 1124
513 92
513 963
513 1002
513 212
513 804
513 868
513 15
513 700
513 804
513 504
513 220
514 338
514 55
514 658
514 68
515 513
515 976
516 748
516 538
516 1015
518 241
518 865
519 181
519 434
519 671
519 890
519 439
519 134
519 712
520 191
520 1134
520 860
520 1042
520 308
521 608
521 903
521 924
521 1191
521 361
521 557
521 1225
521 200
521 569
521 200
521 388
521 1044
522 1044
522 739
522 704
523 1184
523 147
524 113
524 389
525 371
525 420
525 251
525 1048
525 984
526 765
526 1030
526 46
527 1227
527 914
529 746
530 53
531 456
531 277
531 798
533 522
533 578
533 26
533 690
533 1167
533 1028
534 1185
534 151
534 1040
534 606
534 433
534 486
534 302
534 433
534 804
534 468
535 1061
535 445
536 184
536 1151
536 1111
536 1080
536 496
536 25
536 657
537 1186
537 1086
537 163
538 1121
538 241
538 520
539 437
540 496
540 1098
541 608
541 68
541 681
542 256
542 814
542 527
542 126
543 857
543 829
544 513
544 1111
545 1025
545 1027
545 251
545 389
546 902
546 975
547 1138
547 840
547 185
547 374
547 1013
547 1106
547 416
547 993
547 1215
549 162
549 897
549 606
549 860
549 410
549 465
550 1106
550 623
550 725
551 894
551 1132
552 964
553 871
554 1030
554 10
555 198
555 670
555 833
555 560
555 525
555 175
555 887
555 345
555 474
555 280
556 1136
556 557
556 369
556 704
557 867
557 1021
557 496
557 117
557 189
557 679
557 702
557 602
557 457
557 1118
557 876
557 140
558 964
558 1087
558 900
558 349
560 7
560 639
561 468
561 777
561 561
561 741
561 1187
561 395
561 1209
561 814
561 262
561 361
561 766
562 234
562 516
562 239
563 321
563 345
563 1040
563 498
564 504
564 291
564 90
565 1060
566 53
566 515
566 80
566 152
566 307
567 620
567 92
567 682
568 712
569 688
569 1184
570 126
571 1201
573 1099
574 9
575 376
575 468
576 476
576 963
576 949
576 308
576 1199
577 1204
577 673
578 1020
578 498
578 456
578 91
578 1208
580 478
580 1123
580 734
581 288
581 621
581 816
581 651
581 651
581 63
581 755
582 1093
582 101
582 895
583 769
583 1038
583 1033
583 964
583 461
584 1091
584 557
584 902
584 369
585 102
585 42
586 9
586 1172
586 652
587 181
588 369
588 948
588 102
588 421
588 1151
589 1117
589 1155
589 232
590 954
591 103
591 792
591 85
591 598
591 134
591 1087
591 247
592 223
593 1015
594 252
594 966
594 873
594 242
597 102
597 1047
597 136
598 1167
599 914
599 1208
600 599
600 1132
600 229
601 64
601 608
602 608
602 242
603 1009
603 195
603 795
603 1206
603 234
603 487
603 291
603 770
603 1059
604 232
605 194
605 409
605 1138
605 889
605 562
605 481
605 570
606 1079
606 273
606 1086
608 861
608 1076
608 863
608 563
608 229
608 92
608 749
608 355
608 502
608 566
608 566
608 1029
608 602
608 1228
609 901
609 195
609 414
609 380
609 732
609 106
609 560
609 1176
609 948
609 367
609 137
610 598
611 776
612 106
612 200
613 957
613 1105
613 79
613 367
615 725
615 248
615 513
615 1067
615 498
615 316
615 873
616 1140
617 441
617 651
618 1152
618 811
618 486
618 608
618 1133
618 165
618 944
619 310
619 978
619 486
619 381
619 265
619 557
619 534
619 547
620 561
620 370
620 647
620 478
621 940
621 224
621 155
621 990
621 102
621 467
622 902
623 1191
623 58
624 475
624 41
624 902
624 181
624 727
624 493
624 1016
624 584
624 1042
625 641
625 1221
625 219
626 26
627 433
627 809
628 754
628 1006
628 498
628 1209
629 555
629 1124
630 589
630 22
631 853
631 814
631 809
633 1079
633 187
635 1006
636 430
636 1216
638 845
638 417
639 227
639 115
639 624
639 408
639 739
639 696
639 819
639 729
639 723
640 1124
641 588
642 235
642 380
644 1181
644 917
644 450
644 290
644 259
644 389
645 34
645 285
646 1192
647 704
647 418
647 693
648 346
648 438
648 396
649 104
649 1000
649 839
649 1222
649 985
650 1125
650 546
650 701
650 451
650 1183
650 457
651 1118
651 563
651 252
651 1081
651 144
651 486
651 102
651 651
651 126
651 1140
651 688
651 499
651 1086
651 441
651 1187
651 365
651 433
651 337
651 187
651 860
651 653
651 0
651 825
651 128
651 187
651 1137
651 1164
651 351
651 662
651 649
652 129
652 304
652 1224
652 1
652 90
652 879
653 649
653 916
654 337
654 167
654 223
654 430
655 451
657 708
657 221
657 935
658 647
658 450
658 167
659 1178
659 370
660 982
662 1206
662 276
662 291
662 486
662 624
662 190
663 304
664 1095
664 564
664 1079
664 657
665 186
666 786
666 751
667 1212
667 137
667 1079
667 305
667 997
668 1184
668 363
669 721
669 467
670 956
670 138
670 688
670 247
670 688
671 504
671 433
671 1142
671 669
671 319
671 890
671 34
672 444
673 283
673 1043
673 624
673 281
674 1194
675 1051
677 451
677 982
677 1215
678 544
679 1202
679 450
679 270
679 1206
679 956
680 1115
680 349
680 1162
681 51
681 1059
681 211
681 516
682 867
682 627
682 37
682 186
682 948
682 631
683 113
686 288
686 1040
686 1154
686 135
686 1015
686 710
686 1133
686 175
687 549
688 867
688 1060
688 450
688 1164
688 725
688 916
688 589
688 1212
688 679
688 1153
688 1118
688 523
688 619
688 464
688 550
689 75
689 1116
689 561
689 441
689 747
689 1176
689 491
689 371
689 448
689 725
689 8
689 1196
689 1210
690 561
690 1152
691 765
692 534
693 605
693 675
694 181
694 854
695 800
696 853
696 272
696 845
696 793
696 556
697 50
699 1005
699 526
700 1167
701 448
701 537
702 947
704 1057
704 571
704 901
704 92
704 1194
704 181
704 181
705 851
707 1206
707 1097
707 816
707 563
707 889
707 619
707 682
708 834
708 167
708 1020
709 818
709 257
710 1004
710 868
710 194
710 547
711 498
711 195
711 312
712 804
712 53
712 148
712 1115
712 433
712 280
712 1109
712 450
712 224
712 280
712 229
712 324
712 1161
712 1048
712 448
712 1157
712 1010
714 799
715 411
715 914
715 994
717 1002
719 682
719 677
720 848
720 594
720 721
721 269
722 148
723 92
724 1056
724 102
725 242
725 369
725 861
725 757
725 311
725 535
725 549
725 1118
725 433
725 350
725 1161
725 681
725 844
725 557
726 456
726 68
727 229
728 496
729 794
730 361
730 200
730 470
730 662
730 521
731 363
731 291
731 482
731 486
732 1161
732 506
732 25
734 290
734 1091
735 854
735 987
735 867
736 221
736 830
736 175
736 765
736 789
739 259
739 1171
739 1027
739 398
739 250
739 298
739 200
739 26
739 323
739 90
739 350
739 54
739 707
740 162
740 92
740 975
741 245
741 652
741 185
741 1015
741 1084
743 398
744 185
745 464
745 1060
746 581
746 1083
746 1056
746 624
746 760
746 441
747 30
747 439
747 794
747 443
748 308
748 1111
749 519
749 126
749 311
749 924
749 533
749 620
749 920
749 1179
749 134
749 865
749 140
749 149
749 1030
750 881
751 1003
751 699
751 128
751 1107
751 958
751 455
752 639
752 557
752 921
752 5
752 272
752 621
753 9
754 1184
754 379
754 1032
755 456
755 804
756 1009
756 205
757 176
757 1073
757 272
757 126
758 877
759 416
760 609
760 726
760 131
760 1005
760 404
760 310
760 1032
761 854
762 308
762 272
762 39
763 266
763 396
763 760
764 128
764 453
765 930
765 956
765 161
765 903
765 749
765 721
765 849
765 1193
765 449
765 1198
765 547
766 935
767 719
767 1208
768 465
768 29
769 64
769 497
769 845
769 1133
769 1184
769 1067
770 1164
771 761
771 135
771 74
772 1140
772 84
772 531
772 16
772 519
772 768
772 1084
772 938
772 862
773 1020
774 624
774 580
774 1184
774 658
774 38
774 557
774 1206
774 200
774 509
774 182
774 564
774 5
775 1164
776 1161
777 710
777 971
777 791
778 481
778 809
779 1120
779 1152
782 809
782 1056
782 1098
782 252
782 865
783 1079
784 1195
785 609
785 1138
785 291
785 7
785 219
785 1176
785 961
785 435
785 1169
786 473
786 474
788 432
788 955
788 1044
788 240
788 1027
789 577
789 777
789 854
790 1073
790 785
791 747
791 956
791 304
791 245
792 876
792 130
792 1044
793 862
793 712
793 1009
793 609
794 67
794 624
794 1012
794 239
795 651
795 245
795 237
795 1096
795 96
795 1003
796 11
796 1133
797 111
797 1179
798 1107
798 161
799 408
799 741
799 158
800 456
800 557
800 451
800 486
800 431
800 1124
800 290
800 669
801 25
802 157
802 235
802 145
802 1200
803 906
803 785
804 731
804 693
804 1099
804 832
804 1161
804 1099
804 1071
804 1028
804 1097
804 1194
804 722
805 308
805 189
805 689
805 449
805 364
806 1136
806 791
807 857
807 331
807 456
807 122
808 525
808 609
808 920
809 139
809 1154
809 345
809 999
809 200
809 36
809 116
809 805
809 262
809 688
810 416
811 1116
812 630
813 1108
813 87
813 1164
813 1216
814 619
814 456
814 914
814 1091
814 1029
814 32
814 682
814 1104
814 1079
814 1024
814 946
814 887
814 581
814 239
814 131
814 785
814 435
814 1109
814 264
815 585
816 369
816 241
816 743
816 47
818 490
818 1173
819 793
821 720
822 229
822 465
822 299
822 654
823 865
825 1109
825 426
825 180
825 1186
826 4
826 139
826 755
826 576
826 380
826 588
827 387
827 1208
827 36
827 463
827 166
829 751
829 651
829 1073
829 1118
829 248
829 437
829 792
830 34
830 547
830 416
831 689
832 278
832 1094
832 986
832 906
832 619
832 94
832 635
833 361
833 1004
833 704
834 372
834 506
834 1164
834 3
834 171
834 150
835 1078
835 33
835 440
837 111
837 563
837 179
837 627
838 798
838 1147
839 609
839 465
839 433
839 1133
839 115
839 646
840 1131
840 1186
841 261
841 627
841 740
841 953
843 42
843 1074
843 37
843 724
843 32
844 521
845 89
845 1125
845 901
845 1178
845 107
845 1219
845 76
845 731
845 712
845 465
845 1164
845 157
845 280
846 869
846 32
846 448
846 433
847 232
848 1073
849 1071
849 994
849 105
849 63
849 486
849 1227
850 1
850 22
851 970
851 216
852 809
852 410
852 129
853 546
853 1040
853 474
853 588
854 321
854 170
854 771
854 500
854 765
854 608
854 906
854 538
854 651
854 158
855 306
855 686
856 398
857 995
857 794
857 591
857 690
857 1013
857 310
857 1126
859 1153
859 1084
859 935
859 367
860 1208
860 786
860 831
860 1140
860 1178
860 473
860 231
860 740
861 741
861 1086
862 1145
862 1131
862 367
862 169
862 367
863 158
863 547
865 1092
865 957
865 1056
865 785
865 298
865 99
865 938
865 542
865 557
865 931
865 839
865 604
866 491
866 496
867 688
867 28
867 438
867 199
867 1121
867 8
867 876
868 1059
868 235
868 929
868 673
869 651
869 741
869 605
870 1099
870 562
871 321
871 741
872 921
873 1221
873 525
873 806
873 966
873 1059
875 608
875 84
875 944
875 361
875 947
876 9
876 513
876 128
876 1090
876 631
876 976
877 472
877 1173
877 249
877 239
877 1109
878 401
879 535
880 513
880 75
880 229
881 1090
882 1206
882 448
883 137
884 513
884 4
884 473
884 1133
884 839
884 855
884 68
887 162
887 746
889 116
890 1212
894 566
894 603
894 273
894 438
895 1059
895 200
896 555
897 1223
897 746
897 361
897 9
897 64
897 1164
898 877
899 484
899 615
899 949
900 1179
900 1080
900 116
901 486
901 1086
901 765
901 578
901 764
901 158
901 9
901 666
901 940
901 49
901 136
901 626
901 547
901 975
902 902
902 190
902 949
902 702
902 1184
902 720
902 1065
902 382
902 411
902 482
902 827
902 672
903 321
903 506
903 451
903 714
903 54
903 59
903 774
903 385
903 1109
905 9
905 1190
906 959
906 5
906 478
906 1022
906 389
906 481
906 66
906 110
907 209
907 60
907 630
908 288
909 25
911 501
912 1157
913 1132
913 229
914 1111
914 662
914 536
914 1079
914 775
914 829
914 592
914 331
914 691
914 51
914 441
916 889
917 1222
917 292
918 337
918 682
918 1024
919 520
920 1115
920 28
920 387
920 513
920 504
920 465
920 799
920 1137
920 1061
921 839
922 467
922 722
923 293
924 1084
924 68
924 51
924 68
925 1212
926 1050
927 215
928 1193
928 808
928 36
928 807
929 3
929 32
929 291
930 281
930 1035
930 587
930 1201
930 1098
930 758
930 433
931 426
931 1056
933 404
933 465
934 430
934 1063
935 456
935 689
935 816
935 229
936 629
936 365
937 472
937 1111
938 1029
938 924
938 64
939 765
939 1115
940 1103
940 591
940 771
940 394
941 606
943 1162
943 506
943 720
943 212
943 236
944 190
944 211
944 465
944 224
944 1156
944 578
946 441
946 845
946 468
947 274
947 1121
947 1011
947 474
948 1157
948 837
948 144
949 884
949 486
949 568
949 994
949 417
951 156
951 498
952 431
952 983
953 906
953 935
953 710
953 186
953 809
954 1163
955 188
955 599
956 126
956 420
956 451
956 884
957 1179
957 826
957 1047
957 365
957 113
958 975
959 369
961 534
963 1186
963 219
963 608
963 426
964 701
964 252
964 615
966 907
966 323
966 38
966 1206
967 638
967 597
968 1173
968 519
968 1201
968 1110
968 1223
969 218
970 966
970 939
970 486
971 101
971 1161
971 92
971 280
971 140
972 769
972 1184
972 498
973 520
974 1172
974 774
974 538
975 202
975 1211
975 554
975 854
975 102
975 1215
976 809
976 699
976 1079
976 50
976 837
976 467
977 1120
977 651
978 1116
978 110
978 96
978 1056
979 929
980 118
980 341
980 367
980 1194
980 485
981 305
981 155
981 511
981 220
982 651
982 800
982 594
983 789
984 1073
984 513
985 760
986 544
986 903
987 682
987 261
987 681
987 1185
987 865
987 134
990 1131
990 1086
990 1218
990 450
990 790
990 1185
990 1109
991 420
993 393
994 1117
994 920
994 832
994 1167
994 451
994 622
994 834
994 376
995 767
995 1024
995 60
995 385
996 686
997 1092
998 347
998 337
998 456
999 608
1000 1142
1000 121
1001 74
1002 92
1002 651
1003 227
1003 68
1003 73
1003 580
1004 521
1005 126
1005 474
1006 251
1006 777
1006 1056
1007 525
1007 578
1008 1152
1008 53
1008 266
1009 763
1009 833
1009 845
1009 739
1010 894
1010 1083
1011 1079
1012 741
1012 34
1012 870
1012 804
1012 624
1012 882
1013 630
1013 211
1013 65
1013 588
1013 949
1014 280
1014 814
1014 1146
1015 987
1015 59
1015 804
1015 1218
1015 306
1015 688
1015 1042
1015 143
1015 505
1015 349
1015 367
1015 465
1015 456
1015 976
1015 1139
1015 463
1015 37
1016 814
1016 498
1017 598
1018 288
1019 609
1019 293
1019 116
1020 513
1020 613
1020 151
1020 1172
1020 185
1020 337
1020 205
1020 498
1020 1073
1020 865
1020 176
1020 5
1020 884
1020 152
1021 306
1021 55
1021 1015
1021 625
1021 1206
1022 931
1022 1140
1022 445
1023 971
1024 225
1024 126
1024 129
1024 369
1024 777
1024 578
1024 279
1025 633
1025 46
1026 58
1027 900
1027 264
1027 603
1027 73
1028 1132
1028 83
1028 805
1028 435
1028 839
1028 1185
1029 1092
1029 298
1029 509
1029 1020
1029 505
1029 347
1029 279
1030 725
1030 990
1030 1040
1030 566
1030 456
1030 603
1030 194
1030 800
1030 384
1030 138
1031 259
1031 860
1032 927
1032 1063
1032 229
1033 361
1033 185
1033 1062
1033 1172
1034 49
1035 704
1036 361
1038 26
1038 1214
1038 104
1038 545
1038 1107
1038 413
1038 857
1038 407
1038 484
1038 626
1038 38
1039 732
1040 279
1040 498
1040 788
1040 849
1040 163
1040 155
1040 1030
1040 526
1040 1160
1040 1072
1040 502
1042 267
1042 545
1042 369
1042 314
1042 651
1042 609
1042 1044
1043 841
1043 245
1043 423
1044 417
1044 1093
1046 635
1047 456
1047 789
1047 1118
1048 994
1048 549
1049 337
1049 37
1050 785
1050 1121
1051 65
1051 715
1051 774
1051 64
1051 897
1051 688
1051 681
1051 865
1054 12
1055 844
1056 809
1056 1119
1056 606
1056 1056
1056 8
1056 930
1056 245
1056 924
1056 1056
1056 1070
1056 1206
1056 456
1057 1140
1057 498
1058 511
1058 464
1058 603
1058 1189
1059 151
1059 720
1059 1063
1059 504
1059 50
1059 509
1059 433
1060 1093
1060 845
1060 906
1060 901
1060 449
1060 291
1060 879
1060 1058
1060 667
1060 1031
1060 605
1060 504
1061 1179
1061 1206
1061 544
1061 1120
1062 396
1062 1064
1062 521
1062 37
1062 1099
1062 521
1063 361
1063 1162
1063 862
1063 719
1064 370
1064 8
1064 1055
1064 1038
1064 730
1065 1228
1065 167
1065 785
1065 140
1065 1030
1066 433
1066 271
1067 433
1067 741
1067 403
1067 712
1067 1092
1067 1137
1068 662
1068 486
1069 458
1070 1079
1071 41
1071 1021
1071 381
1071 1124
1072 506
1073 1051
1073 583
1073 1061
1073 983
1073 338
1073 1098
1073 485
1073 212
1074 854
1074 770
1074 534
1074 306
1074 274
1074 498
1074 513
1075 1038
1076 1126
1077 777
1077 1135
1078 1024
1078 897
1078 605
1078 777
1079 805
1079 197
1079 1228
1079 1086
1079 774
1079 774
1079 12
1079 93
1079 561
1079 615
1079 1224
1079 930
1079 1126
1079 1140
1079 34
1079 56
1079 624
1079 394
1079 619
1079 859
1079 129
1079 772
1079 438
1079 348
1079 205
1079 185
1079 92
1079 23
1079 564
1080 388
1080 50
1080 322
1080 1172
1080 866
1080 474
1081 262
1081 329
1081 1115
1081 534
1081 288
1081 558
1081 1161
1082 200
1083 653
1083 441
1084 98
1084 575
1084 582
1084 854
1084 976
1084 1161
1084 396
1084 228
1084 284
1084 266
1084 486
1084 248
1085 158
1085 99
1086 887
1086 1087
1086 102
1086 395
1086 1047
1086 433
1086 803
1086 200
1087 940
1087 279
1087 96
1087 266
1087 749
1088 1218
1089 673
1089 266
1090 749
1090 1169
1090 760
1090 554
1091 16
1091 558
1091 262
1092 466
1092 752
1092 23
1092 689
1092 1156
1092 283
1092 1228
1093 111
1093 209
1093 500
1094 1162
1095 1020
1095 1050
1095 486
1096 377
1097 50
1097 937
1097 158
1097 540
1098 92
1098 609
1098 833
1098 639
1098 803
1098 513
1098 419
1098 226
1098 688
1099 563
1099 686
1099 25
1099 795
1099 456
1100 1211
1101 9
1102 991
1102 525
1103 367
1103 814
1103 801
1104 797
1104 883
1105 644
1105 801
1105 212
1105 465
1105 369
1105 545
1105 156
1106 755
1106 943
1107 1104
1107 343
1107 585
1107 270
1108 502
1108 341
1109 285
1109 929
1109 1136
1109 618
1109 496
1109 1216
1109 34
1109 618
1110 176
1110 158
1110 1152
1110 873
1111 330
1111 462
1111 68
1111 1061
1111 521
1111 430
1111 652
1113 319
1113 175
1114 1074
1115 185
1115 641
1115 702
1115 1049
1115 1183
1115 414
1115 1036
1116 907
1117 865
1117 477
1117 272
1117 498
1118 710
1118 689
1118 651
1118 484
1118 1225
1118 361
1118 564
1118 361
1118 290
1118 193
1118 938
1119 355
1119 854
1120 761
1120 362
1120 1060
1121 840
1121 922
1121 367
1121 256
1121 9
1121 1161
1121 794
1121 305
1121 486
1121 867
1123 644
1124 92
1124 185
1124 64
1124 355
1124 68
1124 605
1124 1015
1124 396
1125 651
1125 686
1125 158
1125 6
1125 498
1125 262
1125 845
1126 156
1126 618
1126 739
1127 470
1127 511
1128 222
1128 326
1128 1079
1130 188
1130 769
1131 712
1131 791
1131 577
1131 456
1132 747
1132 727
1132 62
1132 1009
1132 489
1132 456
1132 416
1133 1079
1133 1171
1133 448
1133 481
1133 514
1133 5
1133 1210
1133 814
1133 884
1134 605
1135 991
1136 908
1136 963
1136 959
1136 865
1137 859
1137 774
1137 765
1137 826
1137 897
1138 1117
1138 581
1138 432
1138 666
1139 465
1139 23
1139 833
1139 229
1140 865
1140 654
1140 825
1140 903
1140 555
1140 673
1140 1193
1140 1206
1140 1148
1140 795
1140 948
1140 751
1142 151
1142 897
1142 774
1142 1074
1142 1157
1142 288
1145 210
1145 51
1145 1228
1145 1226
1146 195
1146 894
1147 116
1147 102
1147 205
1148 1091
1148 361
1151 1003
1151 678
1151 249
1151 83
1151 947
1152 578
1152 639
1152 1179
1152 645
1152 364
1153 356
1153 279
1153 1028
1153 516
1154 58
1154 1179
1154 1127
1154 184
1154 774
1154 1193
1155 1060
1155 444
1156 491
1156 689
1156 511
1157 450
1157 1196
1157 467
1158 809
1158 1110
1160 1124
1161 245
1161 166
1161 624
1161 350
1161 472
1161 1187
1161 618
1161 774
1161 323
1161 1147
1161 825
1161 458
1161 758
1161 1064
1162 75
1162 205
1162 736
1162 361
1162 543
1163 938
1164 1173
1164 113
1164 158
1164 844
1164 1132
1164 337
1164 1153
1164 605
1165 834
1167 868
1167 1223
1167 686
1167 163
1167 901
1169 1179
1169 229
1169 589
1169 976
1171 1216
1171 1203
1171 1225
1172 350
1172 651
1172 644
1172 804
1172 1115
1172 342
1172 651
1172 101
1173 465
1173 707
1173 5
1174 262
1174 433
1174 42
1174 104
1174 1118
1175 1186
1176 316
1176 1177
1176 650
1176 1137
1176 902
1176 1086
1176 370
1176 319
1177 512
1177 257
1178 1030
1178 68
1178 741
1179 833
1179 175
1179 1091
1179 129
1179 814
1179 1042
1179 474
1179 860
1179 689
1179 791
1179 340
1179 581
1179 247
1179 102
1179 689
1179 608
1179 651
1179 371
1179 1111
1179 498
1180 641
1181 214
1181 943
1183 486
1183 440
1184 760
1184 956
1184 465
1184 1161
1184 710
1184 486
1184 711
1184 688
1184 361
1184 1186
1185 486
1185 1130
1185 50
1185 1087
1185 293
1186 92
1186 906
1186 968
1186 837
1186 651
1187 395
1187 671
1187 629
1187 468
1187 351
1187 873
1189 456
1190 25
1191 290
1191 1042
1191 444
1191 771
1191 84
1192 1109
1193 1074
1193 34
1193 813
1193 730
1194 456
1194 1179
1194 624
1194 774
1194 470
1194 720
1195 1146
1196 338
1196 792
1196 155
1196 407
1196 1065
1197 311
1197 256
1197 251
1198 839
1199 814
1199 597
1200 253
1201 994
1202 814
1203 1032
1203 791
1204 462
1204 1032
1204 140
1204 1222
1204 857
1204 385
1205 1185
1205 538
1206 535
1206 417
1206 651
1206 769
1206 1216
1206 597
1206 754
1206 557
1206 361
1206 1083
1206 148
1206 1121
1206 782
1206 1176
1206 681
1206 1115
1208 679
1208 1079
1208 102
1209 651
1209 981
1209 470
1209 865
1209 901
1210 937
1210 175
1210 50
1210 930
1211 1222
1211 65
1212 319
1212 901
1212 389
1212 844
1212 651
1214 707
1215 486
1215 880
1215 140
1215 649
1215 812
1216 1138
1216 271
1216 860
1216 589
1218 346
1218 534
1218 865
1218 1080
1219 466
1219 224
1219 1224
1219 1084
1219 1140
1220 1187
1221 814
1221 185
1221 608
1221 987
1221 1222
1222 135
1222 1202
1222 1015
1222 1104
1222 739
1222 897
1222 239
1223 610
1223 1139
1223 987
1223 113
1224 690
1224 71
1224 611
1224 668
1224 924
1224 691
1225 46
1225 420
1225 1183
1225 481
1225 678
1225 1079
1225 262
1225 497
1225 845
1226 1074
1227 536
1227 245
1228 455
1228 601
1228 1211
1228 149
1228 671
1228 778
