0 251
1 631
1 347
1 949
1 487
3 662
3 205
3 229
3 782
3 486
4 1117
5 147
5 28
5 712
5 837
5 140
5 957
5 907
6 194
6 131
7 765
7 575
7 802
7 1222
7 774
7 506
7 337
7 185
8 251
8 1120
8 720
8 644
8 475
8 1186
9 1061
9 92
9 209
9 1218
9 903
9 129
9 474
9 506
9 1100
9 1171
9 1167
9 572
9 813
9 409
9 1152
9 256
9 1042
9 207
10 765
10 1205
11 903
11 478
12 1079
12 176
12 1015
14 1079
15 419
15 486
15 148
15 656
15 608
16 1074
16 546
16 656
16 906
18 1025
18 555
18 188
18 337
19 439
19 1000
20 34
20 845
20 659
20 898
22 572
22 735
22 667
22 900
22 468
22 251
23 677
23 129
24 205
25 1179
25 719
25 1164
26 266
26 1189
26 1223
26 191
27 678
27 1172
28 448
28 50
28 1118
28 256
28 1032
29 271
29 216
29 1219
29 235
29 384
29 1193
29 1186
30 220
31 407
31 58
31 401
32 1133
32 90
32 990
32 474
32 68
32 1155
32 1049
32 453
32 424
32 72
32 980
33 107
33 495
33 205
34 266
34 1009
34 56
34 200
34 68
34 432
34 53
34 516
34 806
34 1125
34 868
34 793
34 341
34 1108
34 711
34 435
36 39
36 870
36 56
37 1121
37 470
37 169
37 1074
37 739
37 121
38 308
38 5
38 152
38 838
39 1124
39 1042
39 621
41 1020
41 1066
41 711
41 389
41 1046
41 365
42 1101
42 384
42 232
42 770
42 572
43 1034
44 751
45 360
45 323
46 1183
46 764
46 920
46 155
46 792
46 42
46 1164
46 121
46 456
46 306
47 1079
47 268
47 239
47 1080
47 806
48 354
49 490
50 284
50 498
50 1033
50 1120
50 486
50 85
50 181
50 906
50 1034
50 581
50 416
50 465
50 425
50 1161
51 535
51 839
51 1025
51 1003
51 769
51 475
52 1103
53 1160
53 174
53 406
53 1140
53 578
53 533
53 56
53 1125
53 537
54 134
54 1073
54 1118
54 1048
54 1087
54 4
55 536
55 486
56 771
56 859
56 1036
56 1140
56 502
56 1086
57 806
58 580
58 899
58 187
58 696
58 29
58 1081
58 1060
59 551
59 51
60 273
60 467
60 547
61 651
62 235
62 182
63 1196
63 1111
63 64
63 46
63 63
64 662
64 384
64 536
64 482
64 365
64 913
64 1140
64 903
64 1034
64 1142
64 876
64 36
64 1147
64 907
64 593
64 809
64 967
64 550
64 1118
65 928
65 566
65 102
65 736
65 893
65 1042
66 402
66 433
66 365
66 903
66 561
66 1192
66 543
66 193
66 82
67 34
67 506
68 1118
68 849
68 439
68 914
68 1080
68 562
68 1025
68 651
68 302
68 128
68 670
68 1139
68 1119
68 175
68 512
68 790
69 779
71 462
71 751
71 1121
72 481
72 542
72 216
73 1020
74 410
74 990
75 34
75 205
75 805
75 710
75 623
75 862
75 1111
75 862
75 16
76 487
76 618
76 436
77 51
78 825
78 6
79 1015
79 415
80 670
82 608
82 1079
82 72
82 256
82 108
82 200
82 235
83 174
83 735
83 1003
83 1205
83 814
84 852
84 1102
84 994
84 884
84 1104
85 1038
85 1015
85 1009
86 1029
86 845
87 451
87 611
87 384
87 1206
88 955
88 542
88 290
89 533
89 198
89 947
89 208
89 274
89 770
89 1076
90 151
90 420
90 924
90 841
90 463
90 1140
91 608
91 1087
91 231
91 63
91 1012
91 42
91 1056
91 337
91 1197
92 227
92 198
92 1205
92 664
92 600
92 555
92 690
92 97
92 670
92 735
92 165
92 810
93 957
93 361
94 236
96 445
97 930
98 51
99 1185
99 239
99 166
99 369
99 901
100 534
101 185
101 536
101 1084
101 1056
101 521
101 800
101 34
101 1140
102 769
102 873
102 509
102 227
102 472
102 323
102 749
102 451
102 202
102 726
102 1138
102 982
102 388
102 1138
103 708
103 938
104 1194
104 712
104 1176
104 865
104 976
104 946
104 914
104 1101
104 576
104 749
105 621
105 549
105 163
105 5
105 603
105 1085
105 357
105 167
105 449
105 902
106 440
106 311
106 625
106 1125
107 538
107 800
107 241
107 310
107 215
107 1079
107 18
107 379
108 34
108 387
109 615
109 1204
109 430
110 350
110 1203
110 1091
111 486
111 133
111 369
111 83
111 1045
111 1131
111 240
112 82
113 306
113 785
113 136
113 906
113 308
115 901
115 337
115 617
115 200
115 994
115 747
116 433
116 34
116 92
116 795
116 686
116 519
117 845
118 128
120 155
120 536
120 890
121 1040
121 448
121 928
121 979
121 929
121 1125
122 1148
122 91
122 1181
122 952
124 1005
124 1115
124 126
126 1079
126 651
126 1183
126 903
126 124
126 562
126 1155
126 561
126 670
126 1022
126 1084
127 670
128 841
128 193
128 389
128 582
128 59
128 1048
129 708
129 982
129 1209
129 278
129 1020
129 502
129 1081
129 456
129 971
129 288
129 688
130 91
130 64
131 1028
131 581
131 513
131 59
132 110
132 9
132 759
132 557
132 785
132 688
133 1145
133 1057
134 547
134 367
134 322
134 1006
134 225
134 957
135 839
135 34
135 433
136 113
136 163
136 551
137 957
137 680
138 901
138 1079
138 1030
138 481
138 772
138 555
138 985
139 814
139 259
139 1049
140 600
140 347
140 583
140 29
140 695
140 1015
140 513
140 1040
141 774
141 386
141 582
141 712
141 32
143 533
143 943
143 490
144 628
144 148
144 8
145 306
145 826
145 639
147 540
147 555
147 845
147 712
147 62
147 158
147 421
147 1224
147 444
148 1158
148 498
148 689
149 355
149 8
149 1196
150 819
150 75
151 167
151 825
151 1174
151 623
151 861
151 719
152 690
152 909
152 675
152 696
152 290
152 191
152 709
152 519
152 1198
152 903
152 1079
152 1179
152 201
153 198
153 1012
155 615
155 453
155 1054
155 166
155 355
155 337
155 1028
155 506
156 1089
156 707
156 226
156 1161
157 1196
157 639
157 806
157 369
158 813
158 860
158 871
158 1164
158 1164
158 262
158 1055
158 776
158 417
158 827
158 609
158 707
158 1115
158 986
158 1181
158 369
158 572
158 1165
158 152
158 1015
158 167
158 1075
158 748
158 89
158 34
160 814
160 279
160 72
160 652
160 1102
160 671
160 1092
161 748
161 638
162 1019
162 667
162 712
162 537
162 1212
162 271
163 488
163 651
163 80
163 365
163 619
165 251
165 1210
165 576
166 383
166 1060
166 45
166 1015
167 329
167 1
167 909
167 686
167 534
167 545
167 111
167 979
167 849
167 508
167 133
168 367
168 1191
168 361
169 212
169 158
170 161
170 92
170 565
170 255
170 479
170 105
170 266
170 465
171 135
173 1084
174 624
174 1024
174 1102
175 994
175 712
175 166
175 949
175 787
175 36
175 182
176 429
176 133
176 699
176 105
176 1218
178 491
179 34
180 128
180 1197
180 134
180 688
180 16
181 1083
181 782
181 276
181 1105
181 949
181 176
181 1071
181 1040
181 89
181 1222
181 638
182 1208
182 418
182 902
182 869
183 365
184 760
184 1024
185 1132
185 350
185 232
185 349
185 1225
185 467
185 826
185 616
185 1194
185 829
185 19
185 531
185 126
185 688
186 144
186 9
186 953
187 360
187 160
187 1176
187 513
187 1069
187 250
187 1040
187 350
188 357
188 1152
189 342
189 747
190 1118
190 670
191 791
191 1218
191 411
191 42
193 1115
193 46
193 793
193 152
193 256
193 1152
193 751
193 34
193 1177
193 603
194 1215
194 235
194 252
194 1084
194 232
194 345
195 845
195 106
197 148
198 380
198 1056
198 708
198 151
198 220
198 22
198 129
198 800
198 115
198 689
198 868
199 609
199 556
199 437
199 705
200 1222
200 1084
200 470
200 816
200 1044
200 15
200 799
200 339
200 506
200 736
200 189
200 211
200 534
200 555
201 175
201 208
201 814
201 54
202 268
202 22
203 522
205 1110
205 82
205 689
205 725
205 1144
205 3
205 1011
205 225
205 129
205 547
205 1137
205 1099
205 689
205 1079
205 338
207 814
208 884
208 536
208 1076
208 536
209 875
209 512
209 901
209 658
209 416
210 791
210 1139
210 1208
210 131
211 158
211 341
211 708
211 465
211 549
212 826
212 84
212 473
212 1033
212 686
212 245
212 618
213 50
213 772
214 693
215 627
215 107
216 37
216 521
216 1187
216 43
216 46
216 456
216 1092
217 361
218 29
218 506
218 1090
218 415
219 987
219 491
220 865
220 994
221 151
221 396
221 652
222 257
223 509
223 1223
223 1154
223 760
223 554
223 1196
223 281
224 832
224 1203
225 534
225 1050
225 520
226 527
226 863
227 677
227 741
227 1058
227 1050
227 853
228 516
229 466
229 825
229 506
229 621
229 229
229 914
229 1038
229 444
229 717
229 433
229 1151
229 818
229 572
229 285
229 1051
229 444
229 877
229 838
229 1125
229 867
229 1106
229 707
229 91
229 540
230 175
231 968
231 466
231 707
231 92
231 111
232 666
232 1059
232 1223
232 141
232 380
232 497
232 852
233 957
233 467
234 433
234 994
235 1
235 111
235 360
235 1172
235 465
235 1055
235 1115
235 456
236 712
236 873
236 291
237 1006
237 902
237 825
239 1015
239 623
239 416
239 785
239 868
239 594
239 865
239 369
239 1164
239 32
239 695
239 442
239 1020
240 413
240 352
240 108
240 785
241 1000
241 511
241 873
241 861
241 1204
242 74
242 662
242 47
243 818
243 524
243 167
243 600
244 769
244 735
245 829
245 1087
245 75
245 903
245 361
245 1042
245 1107
246 152
246 369
247 116
247 1139
247 899
247 739
248 292
248 323
249 557
249 865
249 928
250 160
250 455
251 846
251 976
251 205
251 934
251 516
251 1017
251 1062
251 176
251 929
251 57
251 18
251 9
252 321
252 1109
252 1138
252 306
252 419
253 1079
254 1047
255 1038
255 130
256 527
256 15
256 433
256 906
256 99
256 160
256 361
256 352
256 32
257 1074
257 712
257 976
257 199
258 1191
259 1058
259 1051
259 1020
259 677
261 608
261 739
261 265
262 419
262 980
262 763
262 511
262 1079
262 484
262 1204
262 805
262 581
262 686
263 369
264 638
264 1107
264 486
264 64
264 608
264 149
265 333
265 288
265 772
265 229
265 1098
265 1221
265 64
266 763
266 672
266 100
266 642
266 812
266 174
266 486
266 158
266 246
266 739
266 865
266 867
266 785
266 379
266 288
266 966
266 805
267 147
267 624
268 89
268 450
268 605
268 448
269 417
269 1073
269 456
269 534
270 1051
270 651
270 229
270 1038
270 41
271 851
271 650
271 845
271 288
271 251
272 1109
272 205
272 792
273 561
273 556
273 512
273 658
274 433
274 782
274 107
275 689
276 486
276 38
276 568
277 1079
278 468
278 307
278 521
278 1098
278 356
279 34
279 897
279 481
279 594
279 257
279 397
279 1184
280 1120
280 411
280 513
280 1208
281 845
281 730
283 1079
283 1211
283 82
283 316
283 641
283 957
283 431
284 513
284 51
284 853
284 542
285 1135
285 506
285 901
285 826
285 560
286 860
287 617
287 500
287 54
287 1121
287 1132
288 782
288 438
288 940
288 180
288 450
288 534
288 1199
288 608
288 1099
288 712
288 420
288 594
288 394
289 361
289 1184
290 269
290 134
290 163
290 200
290 152
290 534
291 1080
291 671
291 974
291 237
291 162
291 1126
291 448
291 337
291 173
291 914
291 851
291 873
292 1110
292 516
292 843
292 902
293 152
293 1073
293 975
293 1171
294 205
295 509
295 152
296 271
298 1084
298 182
298 853
299 472
300 1038
300 672
300 662
301 506
302 1001
302 276
302 948
302 272
303 686
303 413
303 175
303 1164
303 1065
304 1005
304 187
304 976
305 147
306 160
306 605
306 288
306 807
306 395
306 639
307 23
307 1089
307 667
308 575
308 355
308 486
309 730
310 774
310 458
310 749
310 1216
310 1028
311 710
311 387
311 111
311 671
311 1206
311 1031
312 1140
312 1098
313 210
314 464
314 310
316 1090
319 982
319 976
319 1021
319 1067
319 1020
319 1058
319 150
320 341
320 9
320 504
320 33
320 522
321 1003
321 808
321 1105
321 167
322 225
323 231
323 372
323 853
323 345
323 433
323 449
323 720
324 778
325 558
326 124
327 1042
327 64
328 343
329 1081
329 448
329 970
330 1210
330 722
331 768
332 7
333 365
335 534
337 1061
337 990
337 1095
337 229
337 311
337 652
337 406
337 502
337 1084
337 862
337 1157
337 433
337 651
337 425
337 702
337 26
338 223
338 456
339 1180
340 533
340 956
341 126
341 957
341 606
341 688
341 651
341 555
341 980
342 925
343 1092
343 849
343 101
343 689
344 780
345 1098
345 769
345 47
346 853
346 457
346 482
346 806
347 483
347 1015
347 440
348 683
348 1107
348 444
349 486
349 456
349 1225
350 608
350 903
350 12
350 707
351 313
352 1020
352 365
352 527
352 1169
352 1115
352 1081
352 1067
352 1192
352 453
352 456
353 210
354 690
354 557
355 541
355 519
355 1121
355 5
356 376
356 1079
356 901
357 32
358 68
359 131
360 509
360 1212
360 1056
361 1216
361 474
361 807
361 491
361 47
361 285
361 518
361 368
361 72
361 286
361 354
361 288
361 749
361 774
361 721
361 911
361 34
361 376
361 380
361 700
361 671
361 168
361 498
361 1124
362 873
362 605
363 421
363 902
363 860
363 149
363 672
364 15
364 355
364 652
364 476
365 462
365 129
365 605
365 606
365 230
365 166
365 854
365 251
365 854
365 1099
366 1140
367 1008
367 583
367 68
367 1015
367 639
367 966
367 800
367 774
367 1092
367 1015
367 1086
367 235
368 865
368 374
368 853
368 360
369 927
369 111
369 311
369 9
369 283
369 1059
369 389
369 1042
369 860
369 430
369 23
369 557
369 845
369 731
369 313
369 101
370 158
370 205
370 439
370 1133
370 534
371 853
371 440
371 167
372 265
372 577
373 389
373 884
373 1123
373 852
373 128
373 598
374 1089
374 802
376 156
376 689
376 1206
377 1212
378 638
378 88
379 218
379 688
379 430
379 975
380 506
380 285
380 730
380 155
380 467
381 566
381 1080
381 432
381 688
381 432
382 1079
383 218
383 1206
383 947
384 306
384 1038
384 513
384 569
384 186
384 442
384 403
384 635
385 1064
385 490
385 199
385 62
385 288
386 16
386 537
387 126
387 135
387 239
387 1225
387 387
388 1067
388 621
388 1224
389 439
389 262
389 751
389 847
389 460
389 437
389 1007
389 671
389 513
391 1117
393 622
393 975
394 1161
394 653
394 708
394 609
395 1079
395 201
395 126
395 250
396 1134
396 725
396 237
396 1086
396 624
397 457
398 1105
398 1079
398 505
398 82
398 736
398 651
398 101
399 814
399 871
400 522
401 1058
401 583
401 814
401 736
401 61
402 1084
403 436
403 1173
404 343
404 124
406 134
406 639
406 1074
406 269
406 809
406 337
407 1002
407 205
407 1038
408 432
409 696
410 152
410 1133
410 561
410 560
410 814
411 1030
411 471
411 765
411 762
413 76
414 1022
414 75
414 193
414 37
414 223
415 844
415 974
415 894
415 997
415 308
416 1190
416 1024
416 1015
416 1079
416 794
416 483
416 341
416 1074
416 287
416 235
416 972
416 561
416 725
416 569
416 688
417 1009
417 1204
417 1189
417 583
417 807
417 1051
417 708
417 163
418 45
418 486
419 486
419 1010
419 561
419 449
419 975
419 952
420 20
420 1091
420 704
420 28
420 536
420 1019
420 837
420 1220
420 962
421 1121
421 369
421 712
422 63
422 245
422 1084
423 457
423 814
424 1012
425 462
425 1200
425 28
425 433
425 400
425 1215
426 32
429 445
430 741
430 1222
430 1146
430 1138
430 760
430 563
430 556
430 64
431 1079
431 185
431 1181
431 584
431 1176
432 101
432 430
432 465
432 936
432 348
432 506
432 476
432 749
432 1155
432 539
433 531
433 242
433 715
433 456
433 529
433 199
433 762
433 54
433 947
433 1074
433 68
433 42
433 1078
433 583
433 1167
433 586
433 128
433 308
433 542
433 58
433 816
433 212
433 944
433 849
433 522
433 415
433 129
433 774
433 466
433 825
433 240
433 170
433 313
433 252
433 1105
433 537
434 457
434 381
435 978
435 474
435 361
435 712
436 482
436 1058
437 829
437 78
438 451
438 1073
438 938
438 867
439 1074
439 335
439 433
439 1029
439 239
439 760
440 1079
440 712
440 772
440 688
440 1161
440 66
441 604
441 1221
441 1225
441 533
441 1174
441 888
441 536
441 860
441 1133
441 1158
441 312
441 396
441 8
442 977
442 837
443 109
444 1049
444 9
444 1099
444 26
444 1203
445 1161
445 647
445 1112
445 774
445 1033
445 1040
445 610
447 15
448 814
448 211
448 605
448 746
448 243
448 1185
448 1107
448 128
448 316
448 688
448 552
448 471
448 523
448 91
448 803
448 102
448 41
448 933
448 519
448 615
449 1061
449 605
449 581
449 870
449 10
449 843
450 14
450 466
450 463
450 550
450 751
450 291
451 486
451 624
451 688
451 652
451 826
451 1093
451 1043
451 50
451 242
451 141
451 266
452 845
453 930
453 237
453 1191
453 445
453 976
453 120
453 790
453 1172
455 1155
455 683
455 307
455 46
456 305
456 1102
456 677
456 527
456 1056
456 978
456 540
456 845
456 581
456 1064
456 707
456 566
456 291
456 9
456 1109
456 433
456 765
456 193
456 671
456 1058
456 394
456 433
456 1164
456 373
456 754
456 239
456 92
456 862
457 1080
457 227
457 101
457 884
458 191
460 38
460 555
461 200
462 1034
462 1172
462 64
462 771
462 434
462 272
462 32
462 241
462 561
463 337
463 329
463 860
464 746
464 1088
464 867
464 115
464 1006
465 978
465 1118
465 884
465 899
465 273
465 205
465 508
465 827
465 384
465 527
465 1029
465 92
465 651
465 266
465 1110
466 944
466 1221
466 185
466 1012
466 1218
467 298
467 239
467 440
467 667
467 670
467 352
467 979
467 105
467 970
467 255
467 176
468 185
468 651
468 419
470 964
470 920
470 1098
470 350
471 431
471 378
472 514
472 148
472 804
472 1063
473 287
473 976
473 1199
474 513
474 1138
474 210
474 805
474 779
474 312
474 453
474 337
474 708
475 956
475 433
476 1121
476 1157
476 1087
477 191
477 620
478 541
478 58
478 129
478 495
478 1133
479 1171
479 727
479 648
480 462
480 167
480 1191
480 1191
481 708
481 167
481 482
481 373
481 410
482 226
482 231
482 609
482 959
482 1111
482 351
482 1003
482 5
482 920
483 1222
483 47
483 512
484 131
484 689
484 1079
484 187
484 288
485 638
485 185
486 1031
486 707
486 1086
486 1062
486 1179
486 85
486 851
486 194
486 609
486 658
486 947
486 147
486 765
486 1132
486 990
486 963
486 1071
486 769
486 1032
486 668
486 653
486 560
486 804
486 606
486 640
486 1124
486 712
486 902
486 1014
486 556
486 786
486 416
486 1103
486 462
486 1156
486 1090
486 873
486 688
486 763
486 1164
486 39
486 440
487 278
487 116
487 466
488 907
488 171
489 47
490 901
490 583
490 41
490 1225
490 563
490 524
491 456
491 433
491 553
491 101
491 604
493 414
494 1024
494 1029
494 739
494 534
495 490
495 486
496 736
496 1118
496 536
496 1060
496 900
496 121
497 365
497 149
497 279
498 223
498 229
498 248
498 670
498 128
498 266
498 967
498 1183
498 160
498 401
498 126
498 53
498 990
499 170
499 657
499 814
500 799
500 986
500 984
501 300
501 68
501 1025
502 608
502 588
502 56
502 591
502 181
504 464
504 1142
504 32
504 640
504 72
504 193
505 826
505 235
506 1079
506 448
506 1151
506 521
506 957
506 416
506 1221
506 628
506 899
506 410
506 1194
506 513
506 1197
506 144
506 1191
506 138
506 1058
506 134
506 308
506 814
506 116
506 433
506 557
506 34
506 1082
507 352
508 514
508 1079
509 90
509 89
509 1157
509 971
511 92
511 221
511 210
511 361
511 46
511 1162
511 403
512 291
512 809
512 1038
512 650
512 746
512 1161
512 1179
512 1119
512 1060
512 1221
513 1140
513 1030
513 200
513 185
513 37
513 1225
513 914
513 100
513 769
513 205
513 90
513 346
513 265
513 298
513 187
513 829
513 843
513 968
513 556
513 266
513 355
513 83
513 381
513 262
513 199
513 480
514 615
514 814
514 1043
514 680
515 1215
515 647
515 1194
515 1086
516 575
516 689
516 1117
516 1084
518 838
518 1096
519 609
519 641
519 847
519 465
519 20
519 943
519 283
519 210
520 534
520 147
520 1107
520 1009
520 795
521 626
521 1059
521 463
521 269
521 877
521 68
521 1030
521 132
521 712
521 854
521 731
521 535
521 594
521 657
522 237
522 308
522 399
522 514
523 425
523 790
524 138
524 648
525 30
525 707
525 1033
525 229
525 1164
526 56
526 33
526 425
527 275
527 122
529 1032
530 387
531 1147
531 191
531 262
533 777
533 1221
533 963
533 673
533 76
533 657
533 337
533 940
534 506
534 1228
534 651
534 439
534 769
534 380
534 1064
534 240
534 61
534 746
534 465
534 765
535 425
535 797
536 785
536 1034
536 429
536 715
536 712
536 802
536 409
536 371
536 1125
536 348
537 860
537 624
537 594
537 1038
537 976
538 68
538 1218
538 662
538 839
539 167
540 1206
540 1133
540 62
540 679
541 918
541 882
541 7
542 420
542 814
542 846
542 619
543 361
543 319
544 486
544 618
545 218
545 29
545 346
545 341
545 33
545 440
546 968
546 814
547 467
547 1164
547 1099
547 513
547 1131
547 352
547 839
547 44
547 725
549 141
549 751
549 283
549 1030
549 760
549 967
550 464
550 445
550 185
550 303
551 725
551 198
552 671
553 229
554 946
554 140
555 433
555 379
555 866
555 746
555 729
555 681
555 521
555 134
555 324
555 450
555 1074
555 37
556 512
556 1092
556 770
556 223
557 68
557 521
557 384
557 23
557 478
557 152
557 502
557 597
557 902
557 906
557 725
557 584
557 116
558 953
558 741
558 186
558 572
558 1133
560 256
560 806
561 822
561 513
561 763
561 480
561 1214
561 39
561 854
561 728
561 434
561 597
561 846
561 11
561 752
562 494
562 1061
562 1174
562 383
563 91
563 745
563 7
563 1013
564 980
564 791
564 181
564 785
564 747
565 1179
566 348
566 447
566 944
566 355
566 799
566 841
566 343
567 369
567 1056
567 506
568 693
568 958
569 749
569 1038
570 875
571 1084
571 106
572 200
572 396
572 585
573 239
574 1002
574 416
575 420
575 416
576 8
576 441
576 323
576 436
576 832
576 1015
577 894
577 983
578 918
578 981
578 284
578 547
578 89
578 438
578 1005
579 486
580 1076
580 75
580 417
581 202
581 363
581 1024
581 290
581 486
581 488
581 582
581 1169
581 51
582 1100
582 493
582 618
583 1064
583 906
583 603
583 32
583 448
583 1091
583 346
584 346
584 1103
584 624
584 1061
584 990
585 55
585 456
586 1140
586 990
586 605
587 486
588 341
588 829
588 1061
588 1024
588 980
588 887
589 1051
589 603
589 482
590 1027
591 704
591 1157
591 417
591 1081
591 765
591 451
591 486
592 332
592 306
592 946
593 1147
594 794
594 158
594 1002
594 1060
594 896
594 712
597 155
597 19
597 3
597 64
597 175
598 999
598 182
598 28
599 200
599 837
600 423
600 900
600 712
600 291
600 451
600 1184
601 133
601 50
602 506
602 278
602 567
603 513
603 603
603 449
603 589
603 1109
603 32
603 1084
603 998
603 769
603 1006
604 266
605 1044
605 1102
605 618
605 536
605 804
605 140
605 450
605 509
605 329
606 420
606 877
606 187
606 227
608 978
608 463
608 1064
608 241
608 920
608 386
608 361
608 744
608 850
608 448
608 470
608 284
608 987
608 754
608 1051
608 1044
608 38
608 1117
608 1161
608 158
609 547
609 1121
609 167
609 163
609 1118
609 83
609 321
609 845
609 155
609 373
609 807
610 468
610 814
611 650
612 323
612 651
613 1110
613 121
613 438
613 53
615 436
615 834
615 224
615 185
615 471
615 82
615 797
616 865
616 580
617 1161
617 113
618 906
618 384
618 448
618 156
618 205
618 609
618 963
619 1015
619 589
619 465
619 832
619 897
619 418
619 235
619 837
619 578
619 538
620 936
620 384
620 99
620 537
620 860
620 229
621 755
621 168
621 846
621 486
621 181
621 555
622 138
623 41
623 1086
623 566
623 486
623 185
623 323
624 157
624 140
624 1206
624 720
624 288
624 266
624 41
624 556
624 751
625 506
625 435
625 618
626 852
627 903
627 642
627 581
627 480
628 707
628 98
628 791
628 804
629 465
629 712
630 456
630 488
631 1019
631 271
631 525
632 787
633 158
633 642
635 746
635 363
636 170
636 266
638 239
638 1062
638 448
638 128
638 1184
639 519
639 64
639 8
639 1206
639 279
639 740
639 310
639 1073
639 866
639 417
640 1199
640 511
641 650
642 46
642 1099
642 1019
644 1158
644 760
644 433
644 688
644 281
644 185
644 875
645 352
645 987
646 712
647 1042
647 111
647 1090
648 209
648 512
648 7
648 167
649 671
649 465
649 1123
649 1084
649 774
649 772
649 900
650 319
650 623
650 651
650 807
650 262
650 1027
650 64
651 994
651 256
651 688
651 909
651 736
651 29
651 176
651 8
651 5
651 264
651 1014
651 184
651 782
651 1006
651 712
651 557
651 1212
651 292
651 707
651 930
651 53
651 401
651 64
651 849
651 506
651 606
651 1027
651 128
651 875
651 556
651 845
651 235
651 111
651 50
651 1
651 708
651 287
652 797
652 1059
652 702
652 340
652 536
652 816
653 895
653 1100
653 121
654 228
654 617
654 1062
654 185
655 245
655 32
656 1202
656 739
657 158
657 448
657 1060
658 1184
658 975
658 998
658 673
659 262
659 9
660 288
660 380
662 208
662 1179
662 1043
662 1040
662 708
662 741
662 474
663 244
664 431
664 679
664 903
664 557
664 1084
665 701
666 365
666 547
667 897
667 860
667 804
667 656
667 537
667 490
668 223
668 651
669 1073
669 712
670 404
670 158
670 166
670 1030
670 476
670 1117
670 694
671 143
671 486
671 1155
671 64
671 746
671 1152
671 268
672 653
672 627
673 751
673 914
673 77
673 247
674 647
675 42
675 551
677 155
677 236
677 1167
677 558
677 581
678 467
679 34
679 1228
679 1128
679 693
679 549
679 621
680 1203
680 799
680 1152
680 266
681 1024
681 1209
681 511
681 29
681 1092
682 688
682 1073
682 826
682 1031
682 1171
682 255
682 774
683 467
683 918
685 652
686 1162
686 1079
686 200
686 126
686 1204
686 190
686 1174
686 1040
686 217
687 949
688 816
688 736
688 486
688 1062
688 51
688 639
688 34
688 279
688 389
688 1115
688 651
688 572
688 298
688 370
688 677
688 90
688 346
688 585
688 288
688 662
688 211
688 767
689 1174
689 739
689 975
689 686
689 725
689 37
689 799
689 556
689 561
689 1106
689 1132
689 729
689 1118
689 561
689 534
689 1179
689 66
689 1033
689 899
690 798
690 575
691 132
691 158
692 47
693 1106
693 422
693 483
694 27
694 1228
695 197
695 660
695 445
695 555
696 545
696 922
696 19
696 557
696 160
696 564
696 964
697 456
697 68
699 769
699 1050
699 799
700 506
701 1012
701 913
702 302
704 1095
704 1205
704 765
704 147
704 256
704 397
704 520
704 725
705 651
707 584
707 920
707 419
707 438
707 806
707 845
707 278
707 1117
707 450
708 433
708 262
708 914
708 849
708 932
709 963
709 352
710 1172
710 296
710 504
710 725
711 1015
711 875
711 728
712 651
712 229
712 158
712 18
712 1191
712 519
712 914
712 176
712 769
712 347
712 750
712 747
712 645
712 1115
712 102
712 464
712 281
712 513
712 814
712 229
712 1219
712 934
713 306
713 555
714 1228
714 697
714 138
715 566
715 899
715 741
716 1164
717 1015
719 28
719 283
720 686
720 203
720 851
720 361
721 725
721 223
722 608
723 1005
724 608
724 120
725 1111
725 746
725 5
725 938
725 1042
725 361
725 46
725 714
725 33
725 663
725 849
725 1078
725 232
725 725
725 239
725 350
725 917
725 920
726 1025
726 769
727 173
728 105
728 739
728 640
729 1060
730 486
730 1224
730 1078
730 1015
730 1084
730 814
731 221
731 1127
731 34
731 274
731 63
732 679
732 854
732 128
733 746
734 855
734 515
735 365
735 633
735 749
736 506
736 8
736 814
736 1061
736 1194
736 948
736 825
739 608
739 1031
739 185
739 561
739 905
739 877
739 144
739 1086
739 765
739 557
739 413
739 352
739 1176
739 348
740 1079
740 640
740 1179
741 795
741 1157
741 516
741 453
741 312
741 640
743 719
744 884
744 381
745 319
745 984
745 569
746 588
746 1228
746 1099
746 835
746 373
746 477
746 229
746 450
747 605
747 491
747 658
747 669
748 707
748 496
748 1118
749 433
749 194
749 105
749 457
749 972
749 762
749 1132
749 126
749 804
749 138
749 933
749 889
749 1132
749 1151
749 497
749 1125
750 677
750 944
751 237
751 80
751 1206
751 775
751 181
751 854
751 448
752 521
752 795
752 762
752 807
752 496
752 251
752 1059
753 616
754 857
754 82
754 1049
755 660
755 247
755 345
756 533
756 1133
757 258
757 1061
757 712
757 440
757 1020
757 954
757 972
758 104
758 835
759 448
760 1210
760 1042
760 1084
760 1133
760 651
760 283
760 33
760 303
761 1102
761 951
762 168
762 827
762 1079
763 603
763 138
763 1225
763 101
764 174
764 618
765 1059
765 1225
765 827
765 795
765 865
765 1194
765 445
765 507
765 486
765 160
765 193
765 564
765 1115
765 575
765 1152
766 688
767 165
767 432
768 404
768 513
768 813
769 1107
769 240
769 20
769 211
769 670
769 153
769 155
769 987
770 1227
771 838
771 541
771 944
772 903
772 53
772 906
772 825
772 672
772 65
772 448
772 1081
772 473
773 16
774 50
774 409
774 279
774 252
774 772
774 814
774 599
774 58
774 227
774 1059
774 749
774 231
774 1038
774 980
775 982
776 283
776 58
777 1060
777 193
777 1181
777 1113
777 1209
778 566
778 901
779 102
779 591
780 53
782 894
782 739
782 1059
782 229
782 873
782 960
782 465
783 591
784 800
785 577
785 251
785 633
785 822
785 796
785 1081
785 787
785 112
785 974
786 535
786 1055
787 180
787 65
787 1081
787 211
788 1086
788 193
788 187
788 677
788 456
789 1027
789 1206
789 506
790 1164
790 1164
791 875
791 456
791 1038
791 355
792 67
792 561
792 462
793 140
793 1079
793 498
793 1209
794 808
794 636
794 1009
794 651
794 415
795 985
795 980
795 855
795 845
795 99
795 785
795 91
795 545
795 1019
795 1018
796 1225
796 280
796 383
796 1148
796 981
797 639
797 1062
797 266
798 1021
798 115
798 679
799 605
799 1145
799 257
799 170
800 473
800 1086
800 451
800 463
800 769
800 193
800 265
800 256
801 1032
801 373
802 557
802 482
802 845
802 28
802 608
802 683
803 1033
803 46
804 218
804 410
804 802
804 798
804 679
804 954
804 1033
804 689
804 1224
804 902
804 193
805 957
805 160
805 1107
805 1140
805 688
805 346
806 603
806 1204
806 957
807 477
807 75
807 894
807 147
807 881
808 505
808 754
808 600
808 1161
809 914
809 227
809 1077
809 178
809 302
809 1059
809 408
809 16
809 58
809 994
809 757
809 291
809 8
810 102
811 9
812 873
813 456
813 938
813 639
813 608
813 1022
813 71
814 147
814 1115
814 9
814 394
814 707
814 377
814 770
814 880
814 432
814 416
814 208
814 980
814 754
814 433
814 688
814 37
814 486
814 541
814 73
814 994
814 666
814 769
814 352
815 1228
816 256
816 651
816 708
816 997
818 668
818 445
819 512
821 215
822 1172
822 1169
822 1080
822 441
822 84
823 180
825 175
825 287
825 205
825 785
825 650
825 769
825 911
826 672
826 259
826 363
826 223
826 1221
826 681
826 439
827 486
827 845
827 1169
827 728
827 482
827 843
828 99
829 1137
829 1011
829 456
829 592
829 1109
829 802
829 1133
830 987
830 1
830 433
831 311
832 639
832 686
832 18
832 1059
832 845
832 47
832 1174
832 976
833 42
833 1056
833 894
834 245
834 775
834 201
834 1000
834 670
834 1019
835 152
835 1015
835 213
837 1142
837 337
837 853
837 800
837 4
837 15
838 50
838 160
839 1015
839 352
839 946
839 53
839 557
839 1010
839 1118
839 232
840 410
840 158
841 441
841 1201
841 433
841 433
843 271
843 617
843 1109
843 147
843 1028
844 1142
845 550
845 725
845 802
845 9
845 47
845 1133
845 1204
845 107
845 462
845 585
845 828
845 719
845 987
845 808
846 53
846 972
846 1089
846 1124
847 311
847 152
848 689
849 152
849 141
849 591
849 445
849 953
849 450
849 831
850 158
850 1062
850 9
851 316
851 584
852 1056
852 628
852 131
852 462
852 205
853 1147
853 1033
853 247
853 845
853 1109
854 320
854 417
854 959
854 425
854 385
854 792
854 67
854 1089
854 1028
854 819
854 1224
855 1219
855 245
856 131
857 787
857 522
857 1009
857 970
857 272
857 537
857 291
857 1179
857 644
858 1
859 194
859 938
859 51
859 1126
860 1161
860 1161
860 606
860 36
860 185
860 191
860 209
860 361
860 839
860 1025
860 793
861 935
861 564
862 445
862 156
862 662
862 1063
862 512
863 841
863 490
863 201
863 947
865 419
865 361
865 1058
865 1151
865 82
865 745
865 341
865 240
865 261
865 496
865 281
865 631
865 1176
865 179
865 953
866 1068
866 583
867 1216
867 1028
867 187
867 129
867 481
867 291
867 180
868 1038
868 194
868 722
868 185
868 280
869 852
869 693
869 498
870 618
870 221
870 1137
871 564
871 378
871 531
872 903
873 474
873 51
873 693
873 101
873 695
875 712
875 882
875 603
875 584
875 513
875 762
876 809
876 943
876 586
876 361
876 957
876 295
877 300
877 651
877 262
877 251
877 212
877 826
877 152
878 1084
879 99
880 736
880 41
880 424
880 1055
881 1060
881 58
882 267
882 869
882 837
883 1109
884 245
884 266
884 306
884 1005
884 239
884 246
884 41
884 208
884 64
886 584
887 752
887 223
887 346
888 353
888 456
889 1012
890 262
891 104
891 900
893 827
894 849
894 1047
894 383
894 769
894 943
894 1090
895 841
895 421
896 946
897 1111
897 903
897 1109
897 1064
897 612
897 1056
898 880
899 832
899 1086
899 1160
899 788
899 193
899 857
900 581
900 1
900 744
900 512
900 1020
901 1029
901 1121
901 66
901 57
901 418
901 1040
901 498
901 1107
901 827
901 229
901 1095
901 508
901 185
901 359
902 685
902 1063
902 1073
902 163
902 337
902 193
902 200
902 341
902 289
902 115
902 785
902 187
902 497
902 303
902 493
903 54
903 1209
903 581
903 538
903 555
903 506
903 887
903 87
903 606
903 498
903 99
905 430
905 894
906 39
906 491
906 638
906 144
906 1098
906 249
906 1110
906 205
906 239
906 303
906 731
906 417
907 15
907 387
907 1145
907 486
907 512
908 762
909 805
909 474
911 644
912 710
913 1009
913 433
913 1079
914 1060
914 158
914 1108
914 364
914 467
914 1198
914 411
914 482
914 50
914 1003
914 54
914 1079
914 688
916 99
916 1212
917 352
917 804
918 930
918 1038
918 166
919 274
920 1105
920 995
920 279
920 955
920 966
920 91
920 1095
920 814
920 845
920 668
921 694
922 847
922 976
922 593
922 401
922 746
923 9
924 608
924 155
924 1081
924 1073
924 846
925 1012
925 533
926 870
927 576
928 34
928 438
928 9
928 120
929 785
929 870
929 5
929 438
929 1177
929 809
930 564
930 589
930 181
930 707
930 328
930 1104
930 957
931 104
931 194
931 765
932 102
933 720
933 42
934 887
934 766
934 132
934 1079
935 561
935 456
935 789
935 1098
936 490
936 608
937 1179
937 976
938 377
938 965
938 1030
938 145
939 877
939 152
940 1222
940 1024
940 507
940 1090
940 1087
940 881
941 498
941 512
943 416
943 1091
943 1063
943 1079
943 163
944 644
944 200
944 421
944 685
944 0
944 59
946 448
946 521
946 1137
946 964
947 862
947 1156
947 1140
947 1057
947 482
948 1085
948 1196
948 664
949 181
949 600
949 708
949 513
949 46
949 486
951 32
951 788
951 591
952 860
952 746
952 605
952 1071
953 416
953 1169
953 380
953 1111
953 64
954 194
954 1121
955 1074
955 201
955 1079
956 181
956 155
956 108
956 648
957 898
957 867
957 194
957 654
957 1021
957 407
957 588
958 841
959 1120
960 484
961 1154
962 138
963 433
963 537
963 1118
963 857
963 811
963 66
963 1090
964 1034
964 793
964 151
964 252
965 216
965 603
966 1179
966 1136
966 651
966 287
966 869
967 1098
967 147
967 102
967 1120
968 46
968 536
968 1206
968 379
968 1012
969 1019
970 486
970 593
970 396
970 1081
970 882
971 1079
971 608
971 1079
971 36
971 845
972 456
972 1222
972 75
973 845
974 1100
974 897
974 947
974 947
975 707
975 486
975 900
975 1176
975 765
975 453
976 954
976 774
976 644
976 389
976 1000
976 538
976 382
976 566
977 1162
977 1020
978 880
978 1030
978 124
978 1154
979 615
979 218
980 1124
980 802
980 406
980 835
980 264
980 513
981 536
981 651
981 845
981 365
982 516
982 205
982 1199
983 931
984 982
984 938
984 1174
985 229
986 140
986 198
986 739
987 115
987 445
987 82
987 920
987 200
987 87
987 806
990 310
990 715
990 158
990 613
990 651
990 619
990 456
991 1178
993 505
994 930
994 1098
994 513
994 952
994 1034
994 200
994 1127
994 466
994 772
994 132
994 484
994 1206
995 1190
995 82
995 845
995 466
995 89
996 918
997 621
998 481
998 695
998 7
999 865
999 71
1000 1176
1000 373
1000 651
1001 624
1002 420
1002 805
1002 425
1003 651
1003 1125
1003 174
1003 623
1003 995
1004 370
1005 797
1005 805
1005 209
1005 865
1005 398
1005 712
1005 372
1006 1133
1006 1204
1006 376
1006 591
1007 1215
1007 639
1008 852
1008 565
1008 948
1008 843
1009 906
1009 584
1009 1162
1009 827
1009 89
1009 619
1010 129
1010 498
1010 185
1011 857
1011 149
1012 679
1012 91
1012 555
1012 223
1012 1088
1012 1058
1012 180
1012 1211
1012 165
1012 587
1012 562
1013 395
1013 769
1013 200
1013 986
1013 1174
1013 449
1013 56
1014 1021
1014 161
1014 952
1014 1074
1015 337
1015 488
1015 448
1015 399
1015 218
1015 46
1015 1003
1015 410
1015 1163
1015 666
1015 276
1015 110
1015 198
1015 689
1015 163
1015 350
1015 682
1015 525
1015 160
1015 875
1015 746
1015 158
1015 472
1015 682
1016 50
1016 128
1016 1012
1017 41
1018 512
1019 430
1019 632
1019 623
1019 436
1020 963
1020 906
1020 1013
1020 540
1020 440
1020 845
1020 1161
1020 41
1020 906
1020 181
1020 606
1020 902
1020 441
1020 316
1020 416
1020 547
1020 474
1021 534
1021 283
1021 765
1021 597
1021 865
1021 1057
1022 776
1022 347
1022 563
1023 1206
1024 1024
1024 432
1024 516
1024 3
1024 365
1024 795
1024 749
1024 554
1025 467
1025 185
1025 505
1025 1097
1026 933
1027 27
1027 619
1027 1016
1027 616
1028 865
1028 769
1028 448
1028 50
1028 84
1028 280
1028 157
1028 1171
1028 964
1028 451
1028 1020
1029 216
1029 638
1029 1088
1029 865
1029 276
1029 56
1029 389
1030 966
1030 389
1030 974
1030 608
1030 352
1030 394
1030 237
1030 308
1030 401
1030 845
1030 621
1031 439
1031 401
1032 865
1032 158
1032 1079
1032 288
1033 720
1033 453
1033 671
1033 764
1033 259
1033 1179
1033 639
1033 7
1034 104
1034 652
1035 467
1036 1012
1036 372
1038 480
1038 978
1038 814
1038 825
1038 370
1038 1074
1038 20
1038 631
1038 1098
1038 872
1038 251
1038 851
1039 466
1039 453
1040 588
1040 216
1040 513
1040 1136
1040 926
1040 102
1040 1079
1040 389
1040 963
1040 1185
1040 254
1040 736
1040 389
1042 210
1042 1029
1042 746
1042 1088
1042 1073
1042 725
1042 688
1042 34
1042 116
1043 627
1043 478
1043 129
1044 101
1044 1024
1045 928
1046 341
1047 1228
1047 151
1047 1073
1048 140
1048 1043
1049 235
1049 987
1050 506
1050 223
1050 214
1051 1020
1051 671
1051 45
1051 389
1051 1164
1051 897
1051 266
1051 1212
1054 359
1055 1121
1055 822
1055 551
1055 1111
1056 921
1056 158
1056 53
1056 1172
1056 1216
1056 1038
1056 804
1056 1126
1056 841
1056 682
1056 975
1056 1119
1056 68
1056 537
1057 1079
1057 620
1058 804
1058 126
1058 902
1058 415
1058 223
1058 387
1059 712
1059 175
1059 1015
1059 936
1059 760
1059 561
1059 556
1060 760
1060 792
1060 1225
1060 266
1060 914
1060 1081
1060 538
1060 689
1060 284
1060 398
1060 1059
1060 205
1060 1003
1060 1221
1061 273
1061 1176
1061 1079
1061 433
1062 1176
1062 433
1062 85
1062 867
1062 1191
1062 513
1062 615
1063 448
1063 855
1063 996
1063 1112
1063 9
1064 158
1064 5
1064 578
1064 435
1064 1003
1065 754
1065 984
1065 545
1065 180
1065 1065
1065 304
1066 1055
1066 907
1067 1179
1067 486
1067 346
1067 582
1067 420
1067 860
1068 1060
1068 193
1068 696
1069 270
1070 433
1071 24
1071 736
1071 561
1071 273
1072 116
1073 337
1073 205
1073 406
1073 651
1073 1100
1073 1157
1073 897
1073 382
1073 389
1073 308
1073 699
1074 1003
1074 156
1074 633
1074 396
1074 1110
1074 1121
1074 849
1074 384
1074 187
1075 884
1075 651
1075 105
1076 673
1077 887
1077 147
1078 147
1078 715
1078 758
1078 849
1078 852
1079 362
1079 439
1079 1107
1079 914
1079 953
1079 262
1079 1215
1079 116
1079 239
1079 621
1079 414
1079 652
1079 774
1079 606
1079 193
1079 308
1079 155
1079 245
1079 561
1079 147
1079 914
1079 438
1079 416
1079 582
1079 924
1079 1019
1079 968
1079 881
1079 63
1079 407
1079 340
1079 416
1079 1131
1079 557
1079 380
1080 789
1080 826
1080 456
1080 491
1080 901
1080 616
1081 610
1081 42
1081 1038
1081 1161
1081 1065
1081 1196
1081 257
1081 1001
1081 389
1081 371
1082 1140
1083 947
1083 1200
1083 917
1084 615
1084 456
1084 716
1084 185
1084 823
1084 90
1084 383
1084 185
1084 696
1084 786
1084 498
1084 138
1084 494
1084 433
1084 456
1084 542
1085 266
1085 798
1086 132
1086 120
1086 1079
1086 1206
1086 1145
1086 103
1086 608
1086 673
1086 606
1086 403
1086 389
1087 862
1087 901
1087 497
1087 769
1087 557
1087 762
1088 865
1088 1206
1088 259
1089 1164
1089 441
1089 853
1090 747
1090 457
1090 513
1090 851
1091 51
1091 547
1091 969
1091 603
1092 984
1092 369
1092 829
1092 245
1092 239
1092 355
1092 644
1092 1167
1092 914
1093 705
1093 884
1093 1173
1093 914
1094 1186
1095 795
1095 869
1095 166
1095 216
1096 283
1097 972
1097 34
1097 752
1097 1024
1098 597
1098 495
1098 944
1098 583
1098 494
1098 1201
1098 938
1098 594
1098 185
1098 369
1098 256
1098 1146
1099 1033
1099 1132
1099 566
1099 996
1099 900
1100 928
1100 954
1101 938
1101 686
1102 585
1102 506
1103 423
1103 795
1103 103
1103 34
1104 951
1104 385
1104 247
1105 352
1105 1190
1105 720
1105 679
1105 1009
1105 789
1105 1010
1105 198
1105 352
1106 968
1106 456
1107 580
1107 552
1107 247
1107 531
1107 639
1108 116
1108 1132
1109 727
1109 488
1109 465
1109 271
1109 1208
1109 160
1109 468
1109 774
1109 806
1110 415
1110 952
1110 134
1110 1015
1110 1161
1111 129
1111 876
1111 764
1111 433
1111 1064
1111 1107
1111 168
1111 599
1112 15
1113 462
1113 586
1114 467
1114 156
1115 78
1115 1084
1115 78
1115 1184
1115 474
1115 1121
1115 121
1115 444
1115 66
1116 918
1117 584
1117 860
1117 1061
1117 623
1118 1121
1118 158
1118 913
1118 608
1118 247
1118 491
1118 752
1118 735
1118 566
1118 1198
1118 657
1118 264
1118 132
1119 814
1119 268
1119 513
1120 800
1120 355
1120 389
1120 1136
1120 730
1120 795
1121 1204
1121 1185
1121 291
1121 1194
1121 396
1121 266
1121 225
1121 221
1121 439
1121 1131
1121 663
1121 826
1123 853
1124 106
1124 28
1124 288
1124 101
1124 521
1124 496
1124 990
1124 1074
1125 417
1125 1193
1125 68
1125 624
1125 467
1125 990
1125 729
1125 439
1126 920
1126 1223
1126 877
1127 867
1127 83
1127 90
1128 536
1128 269
1128 90
1128 369
1129 462
1130 662
1130 513
1131 111
1131 839
1131 229
1131 389
1131 1020
1131 417
1132 582
1132 963
1132 924
1132 689
1132 53
1132 1099
1132 273
1132 1058
1132 367
1132 361
1133 659
1133 521
1133 938
1133 6
1133 1115
1133 115
1133 757
1133 50
1133 170
1133 715
1133 504
1133 981
1134 1031
1135 1196
1135 232
1136 639
1136 876
1136 694
1136 477
1137 1104
1137 480
1137 851
1137 440
1137 46
1138 411
1138 380
1138 1224
1138 167
1138 1098
1139 212
1139 1204
1139 34
1139 1142
1140 1056
1140 868
1140 735
1140 482
1140 964
1140 29
1140 1181
1140 1161
1140 745
1140 106
1140 257
1140 533
1140 202
1140 440
1140 493
1141 1079
1142 1167
1142 327
1142 754
1142 475
1142 897
1142 1225
1142 689
1143 651
1144 943
1145 205
1145 438
1145 914
1145 1142
1146 1111
1146 731
1147 1106
1147 1167
1147 187
1147 316
1147 725
1148 216
1148 387
1151 168
1151 208
1151 1222
1151 946
1151 644
1151 1111
1152 582
1152 476
1152 498
1152 618
1152 688
1153 518
1153 411
1153 5
1153 361
1154 534
1154 90
1154 256
1154 963
1154 92
1154 140
1154 56
1155 416
1155 788
1156 7
1156 3
1156 66
1157 365
1157 1152
1157 562
1157 968
1158 486
1158 410
1160 608
1161 695
1161 696
1161 345
1161 240
1161 439
1161 199
1161 1176
1161 138
1161 541
1161 744
1161 1169
1161 1076
1161 288
1161 1059
1161 545
1161 329
1161 170
1162 110
1162 653
1162 581
1162 555
1162 843
1163 229
1163 618
1164 620
1164 138
1164 777
1164 1084
1164 765
1164 906
1164 955
1164 966
1164 9
1164 900
1164 145
1164 321
1165 1056
1167 101
1167 352
1167 113
1167 1079
1167 110
1167 490
1169 285
1169 1202
1169 853
1169 814
1169 902
1171 941
1171 1128
1171 158
1171 235
1171 1104
1172 293
1172 648
1172 156
1172 367
1172 894
1172 946
1172 1192
1172 558
1172 707
1172 521
1173 623
1173 279
1173 24
1174 128
1174 749
1174 305
1174 681
1174 1008
1175 82
1176 1176
1176 416
1176 1172
1176 310
1176 101
1176 712
1176 979
1176 1143
1176 654
1176 1208
1177 280
1177 463
1177 170
1178 266
1178 1121
1178 725
1179 976
1179 796
1179 520
1179 506
1179 4
1179 207
1179 835
1179 285
1179 518
1179 804
1179 1058
1179 750
1179 925
1179 310
1179 380
1179 498
1179 389
1179 1079
1179 917
1179 1172
1179 777
1179 547
1179 66
1180 981
1181 930
1181 293
1182 167
1183 361
1183 652
1183 306
1184 581
1184 296
1184 558
1184 132
1184 209
1184 1145
1184 534
1184 77
1184 750
1184 383
1185 1173
1185 670
1185 730
1185 883
1185 1058
1185 934
1186 93
1186 799
1186 400
1186 1218
1186 256
1187 486
1187 608
1187 1086
1187 483
1187 249
1187 1056
1189 660
1189 834
1190 451
1190 1202
1191 185
1191 1192
1191 369
1191 859
1191 639
1191 374
1191 352
1191 1010
1192 1131
1193 825
1193 126
1193 1013
1193 416
1193 633
1194 609
1194 782
1194 76
1194 240
1194 809
1194 261
1194 994
1195 420
1196 976
1196 980
1196 624
1196 902
1196 638
1196 1156
1197 363
1197 453
1197 1164
1198 32
1199 576
1199 849
1200 88
1201 1185
1202 506
1203 56
1203 1073
1203 1132
1204 235
1204 830
1204 268
1204 49
1204 1079
1204 275
1204 338
1204 169
1205 509
1205 739
1205 121
1206 1163
1206 1003
1206 186
1206 91
1206 451
1206 1009
1206 1040
1206 448
1206 867
1206 707
1206 1032
1206 394
1206 1060
1206 51
1206 1162
1206 152
1206 1171
1206 170
1206 242
1208 1186
1208 384
1208 849
1209 136
1209 840
1209 181
1209 796
1209 1109
1209 1147
1210 608
1210 875
1210 187
1210 627
1211 987
1211 1176
1212 290
1212 251
1212 193
1212 466
1212 221
1212 467
1212 129
1214 826
1215 213
1215 542
1215 474
1215 210
1215 1125
1216 355
1216 1209
1216 417
1216 1002
1216 103
1216 1209
1218 54
1218 301
1218 9
1218 515
1219 533
1219 416
1219 90
1219 875
1219 331
1220 46
1221 126
1221 902
1221 290
1221 367
1221 1085
1221 12
1222 1001
1222 914
1222 758
1222 365
1222 707
1222 270
1222 273
1222 280
1223 1140
1223 1079
1223 32
1223 465
1223 741
1224 1212
1224 540
1224 1061
1224 788
1224 513
1224 283
1224 500
1225 1151
1225 849
1225 1194
1225 847
1225 94
1225 777
1225 536
1225 671
1225 690
1225 545
1225 195
1226 160
1227 82
1227 148
1227 686
1228 181
1228 195
1228 798
1228 1059
1228 126
1228 101
1228 185
