239 394 0
777 914 0
152 699 0
91 796 0
202 422 0
89 787 0
979 1144 0
922 1050 0
688 1100 0
688 1079 0
600 860 0
156 744 0
140 550 0
92 521 0
672 916 0
460 632 0
383 650 0
20 506 0
83 826 0
50 655 0
999 1125 0
185 686 0
134 561 0
46 512 0
193 651 0
795 1079 0
474 1107 0
87 909 0
121 1179 0
60 1038 0
765 1176 0
598 1120 0
56 881 0
29 175 0
155 442 0
181 352 0
303 720 0
311 947 0
1003 1025 0
227 906 0
37 337 0
129 457 0
401 782 0
688 1040 0
782 995 0
48 1151 0
695 807 0
181 832 0
467 651 0
828 865 0
536 825 0
583 649 0
536 906 0
341 900 0
132 865 0
9 929 0
46 441 0
72 814 0
1028 1206 0
84 1196 0
725 1164 0
477 479 0
501 1185 0
467 608 0
434 1011 0
91 185 0
739 1042 0
914 1083 0
470 1110 0
205 1120 0
1140 1169 0
239 504 0
688 776 0
16 712 0
598 627 0
201 1191 0
1084 1172 0
232 348 0
802 1204 0
66 431 0
314 1089 0
319 536 0
256 401 0
135 276 0
83 205 0
689 1133 0
147 241 0
420 1015 0
291 1135 0
162 1055 0
181 787 0
899 962 0
266 356 0
619 813 0
131 453 0
337 900 0
74 273 0
797 899 0
88 97 0
660 891 0
307 384 0
104 291 0
441 940 0
229 373 0
64 853 0
361 1161 0
422 1189 0
639 902 0
152 670 0
141 579 0
877 1019 0
415 508 0
32 1025 0
420 442 0
578 1016 0
456 1028 0
849 1103 0
473 592 0
198 1012 0
361 486 0
381 627 0
407 922 0
270 725 0
293 574 0
445 795 0
486 656 0
252 1005 0
266 1074 0
594 965 0
323 515 0
349 588 0
670 1081 0
583 884 0
795 825 0
9 1062 0
955 1190 0
441 1118 0
34 360 0
651 1133 0
651 929 0
233 571 0
369 1164 0
519 964 0
208 1212 0
363 1140 0
199 1008 0
623 1074 0
1133 1194 0
161 404 0
432 707 0
44 82 0
265 486 0
261 1039 0
635 736 0
158 957 0
90 266 0
111 903 0
486 1098 0
416 1028 0
264 920 0
479 893 0
681 755 0
145 424 0
51 1138 0
387 649 0
558 780 0
623 802 0
64 448 0
970 1000 0
1068 1095 0
210 568 0
837 1081 0
436 495 0
768 1091 0
128 231 0
696 860 0
86 708 0
64 749 0
486 805 0
34 758 0
456 1086 0
406 648 0
430 1132 0
84 1084 0
415 1087 0
152 465 0
104 1120 0
167 457 0
441 688 0
200 515 0
54 562 0
223 1132 0
205 857 0
254 1109 0
581 1088 0
170 1032 0
211 1055 0
307 572 0
41 566 0
168 606 0
361 432 0
533 1128 0
167 664 0
247 931 0
75 765 0
417 954 0
310 1098 0
129 1063 0
283 813 0
309 584 0
91 837 0
51 662 0
683 1045 0
287 1088 0
170 561 0
506 712 0
302 875 0
1111 1223 0
854 1171 0
225 713 0
863 1005 0
29 189 0
651 1033 0
22 1118 0
360 1129 0
572 965 0
467 486 0
209 728 0
83 980 0
688 1179 0
158 1033 0
64 456 0
229 1225 0
774 799 0
104 205 0
963 1119 0
320 1212 0
651 1092 0
689 929 0
516 716 0
383 707 0
356 712 0
1010 1112 0
199 597 0
941 1132 0
27 174 0
198 1084 0
143 201 0
491 894 0
246 667 0
144 221 0
58 1142 0
72 608 0
448 1086 0
129 487 0
193 1105 0
534 1005 0
506 1172 0
245 419 0
75 265 0
398 1012 0
3 619 0
576 994 0
600 987 0
600 696 0
414 1183 0
223 822 0
769 1060 0
899 1205 0
429 891 0
642 1114 0
160 198 0
101 1015 0
448 1105 0
765 1079 0
384 594 0
352 367 0
714 894 0
187 1015 0
3 1014 0
111 602 0
158 1086 0
361 656 0
42 407 0
157 680 0
448 1030 0
7 134 0
679 808 0
420 721 0
212 1161 0
243 1060 0
3 184 0
83 976 0
132 250 0
22 46 0
152 796 0
448 1225 0
109 610 0
240 1222 0
447 1191 0
814 1078 0
46 453 0
229 957 0
139 406 0
608 1228 0
364 430 0
303 1013 0
748 1006 0
278 640 0
888 976 0
623 1164 0
270 689 0
141 406 0
644 745 0
482 1058 0
194 605 0
402 858 0
605 949 0
113 499 0
229 264 0
795 1131 0
537 1073 0
578 986 0
19 1002 0
239 498 0
620 774 0
462 638 0
278 564 0
506 741 0
847 1055 0
121 1147 0
64 229 0
288 465 0
75 545 0
540 922 0
537 951 0
288 1081 0
266 411 0
200 1115 0
167 1040 0
809 1121 0
430 693 0
765 967 0
141 638 0
689 746 0
389 1115 0
235 731 0
378 960 0
311 704 0
107 714 0
456 749 0
310 1009 0
1005 1193 0
92 540 0
880 963 0
319 433 0
19 471 0
9 1079 0
638 1167 0
138 143 0
182 809 0
105 1191 0
903 1171 0
18 882 0
498 994 0
185 1204 0
160 1098 0
484 757 0
479 1101 0
152 425 0
341 1024 0
105 379 0
695 1075 0
57 298 0
691 798 0
433 1176 0
860 1154 0
105 760 0
122 453 0
68 814 0
147 1056 0
502 592 0
415 658 0
465 852 0
209 564 0
101 809 0
494 1056 0
1127 1140 0
245 839 0
395 1104 0
251 906 0
555 865 0
162 288 0
466 1073 0
1009 1020 0
974 1034 0
115 963 0
102 1015 0
685 1182 0
120 147 0
237 388 0
902 1164 0
497 675 0
36 491 0
697 1141 0
37 120 0
22 441 0
712 746 0
902 1012 0
1021 1216 0
708 1036 0
689 1020 0
205 994 0
555 1073 0
158 1206 0
212 486 0
56 284 0
761 994 0
417 682 0
71 1179 0
522 984 0
208 415 0
603 884 0
777 1005 0
757 906 0
256 620 0
53 89 0
521 913 0
51 1209 0
242 1013 0
433 1065 0
232 932 0
486 511 0
966 1177 0
302 1084 0
266 1224 0
191 435 0
138 907 0
126 329 0
480 946 0
713 1163 0
482 1028 0
160 623 0
787 924 0
839 1203 0
970 1093 0
373 757 0
796 852 0
29 347 0
572 1157 0
886 952 0
474 907 0
456 725 0
200 730 0
229 1028 0
608 825 0
1015 1020 0
198 506 0
266 608 0
343 827 0
794 1221 0
198 1092 0
158 513 0
677 736 0
34 863 0
423 733 0
473 1143 0
445 557 0
152 185 0
545 1015 0
27 109 0
193 749 0
160 967 0
205 934 0
381 934 0
1015 1161 0
365 787 0
566 887 0
207 475 0
845 1121 0
181 940 0
65 89 0
486 1012 0
239 877 0
597 1227 0
401 450 0
152 1131 0
445 1058 0
291 888 0
29 440 0
50 303 0
651 1206 0
725 1033 0
15 1075 0
466 870 0
33 127 0
581 752 0
1033 1079 0
237 801 0
102 482 0
361 868 0
806 850 0
533 712 0
158 814 0
695 728 0
239 871 0
534 938 0
9 689 0
925 1079 0
158 486 0
101 1042 0
386 769 0
616 750 0
538 1216 0
265 751 0
482 608 0
653 677 0
64 1012 0
763 857 0
688 1147 0
385 952 0
0 869
1 582
1 715
1 884
1 973
3 56
3 490
4 987
5 32
5 126
5 578
5 653
5 775
5 797
5 1109
6 630
6 840
7 104
7 205
7 384
7 561
7 804
7 901
7 1097
8 227
8 482
8 486
8 608
8 739
8 906
9 64
9 75
9 270
9 467
9 513
9 651
9 749
9 1015
9 1020
9 1074
9 1078
9 1161
9 1206
9 1225
10 77
10 542
11 34
11 1135
12 79
12 530
12 756
14 355
15 53
15 534
15 914
15 1007
16 476
16 671
16 1060
18 180
18 279
18 591
20 272
20 557
20 846
22 269
22 829
22 1179
23 585
23 1027
24 304
25 170
25 857
25 1157
26 181
26 481
26 734
26 1063
28 644
28 662
28 745
28 1201
28 1209
29 346
29 1124
29 1196
30 212
31 87
31 163
31 1040
32 5
32 292
32 306
32 308
32 352
32 396
32 975
32 986
32 1109
32 1211
33 38
33 1120
34 11
34 129
34 278
34 485
34 487
34 564
34 617
34 621
34 752
34 769
34 903
34 1089
34 1111
36 521
36 734
37 147
37 624
37 903
37 1056
38 33
38 104
38 976
38 1120
39 368
39 465
39 933
41 50
41 330
41 603
41 673
41 822
42 176
42 414
42 972
42 1061
43 918
45 232
45 546
46 283
46 576
46 669
46 981
46 1118
46 1179
47 54
47 137
47 657
47 678
47 1132
49 98
50 41
50 406
50 453
50 509
50 566
50 673
50 822
50 873
50 884
50 1153
50 1187
50 1219
51 644
51 835
51 917
52 613
53 15
53 306
53 365
53 367
53 668
53 1021
53 1109
53 1216
54 47
54 224
54 491
54 865
54 1132
55 691
55 935
56 3
56 646
56 877
56 918
58 486
58 506
58 525
58 639
58 1042
58 1140
59 465
59 1051
60 914
60 1193
61 215
62 327
62 951
63 329
63 619
63 730
63 930
63 1080
64 9
64 68
64 113
64 193
64 451
64 513
64 547
64 557
64 689
64 725
64 814
64 1161
64 1206
65 181
65 352
65 367
65 832
65 975
66 68
66 467
66 608
66 814
66 867
66 902
66 1079
66 1133
67 141
67 638
68 64
68 66
68 158
68 229
68 456
68 513
68 520
68 749
68 802
68 902
68 964
68 1020
68 1133
68 1174
68 1204
69 1153
71 449
71 1222
72 1105
73 296
74 911
75 9
75 433
75 557
75 906
75 1079
75 1225
76 115
76 438
76 1111
77 10
78 850
78 1060
79 12
79 756
80 1004
82 261
82 275
82 306
82 420
82 537
82 1139
83 804
84 451
84 456
84 650
85 722
85 921
85 1046
86 544
87 31
87 609
87 770
88 609
88 834
89 365
89 367
89 538
89 832
90 486
90 519
90 712
90 751
90 1079
91 152
91 288
91 368
91 425
91 561
91 1081
92 140
92 157
92 293
92 417
92 550
92 680
92 682
92 922
92 935
92 1048
93 679
93 975
94 179
96 1060
98 49
99 180
99 235
99 396
99 560
99 562
100 112
101 319
101 361
101 433
101 845
101 906
102 175
102 187
102 319
102 346
102 361
102 486
102 519
102 545
102 751
102 805
102 1020
102 1074
103 277
103 1000
104 7
104 38
104 134
104 195
104 561
104 594
104 901
105 211
105 501
105 714
105 946
105 1060
105 1185
105 1221
106 345
106 452
106 711
106 984
107 480
107 504
107 514
107 609
107 613
107 994
107 1029
108 367
108 522
109 323
110 290
110 312
110 680
111 621
111 658
111 1024
111 1056
111 1184
112 100
113 64
113 160
113 373
113 757
115 76
115 161
115 371
115 760
115 907
116 239
116 250
116 295
116 490
116 498
116 849
117 1130
118 997
120 337
121 166
121 463
121 785
121 1118
122 219
122 531
122 793
124 474
124 815
124 986
126 5
126 176
126 220
126 514
126 631
126 649
126 653
126 701
126 779
126 797
128 426
128 736
128 785
128 881
128 907
129 34
129 306
129 420
129 558
129 619
129 731
129 1119
129 1210
130 679
130 928
131 457
131 512
131 1205
132 167
132 235
132 300
132 1023
133 413
133 1132
134 104
134 205
134 783
134 901
135 321
135 667
136 239
136 877
136 894
137 47
137 899
138 180
138 444
138 522
138 591
138 865
139 219
139 884
140 92
140 325
140 417
140 682
140 732
140 943
140 944
141 67
141 1167
143 1029
144 244
144 555
145 786
145 831
147 37
147 316
147 337
147 380
147 903
147 1059
148 688
148 1125
148 1210
149 337
149 478
149 624
150 497
150 747
151 269
151 418
151 701
151 1118
151 1179
151 1184
152 91
152 486
152 555
152 809
152 951
152 1081
153 767
153 895
155 200
155 285
155 389
155 618
155 800
155 1064
155 1115
156 481
156 581
156 913
157 92
157 181
157 935
158 68
158 193
158 229
158 416
158 448
158 451
158 456
158 651
158 689
158 725
158 749
158 845
158 929
158 1051
158 1062
158 1079
158 1105
158 1133
160 113
160 456
160 557
161 115
162 278
162 754
162 809
162 948
163 31
163 441
163 798
163 994
163 1179
165 278
165 314
165 1089
166 121
166 231
166 364
166 1047
167 132
167 290
167 497
167 558
167 566
167 1013
167 1057
167 1184
168 724
168 1077
169 475
169 1101
170 25
170 205
170 804
170 826
170 901
170 934
171 597
173 1192
174 430
174 1103
175 102
175 346
175 486
175 506
175 545
175 707
176 42
176 126
176 647
176 955
176 1190
178 1059
179 94
180 18
180 99
180 138
180 194
180 444
181 26
181 65
181 157
181 367
181 470
181 509
181 1210
182 433
182 1015
182 1030
183 1137
184 688
185 451
185 586
185 650
185 670
185 839
185 876
185 1009
185 1090
185 1110
185 1161
186 203
186 272
186 846
187 102
187 212
187 266
187 361
187 432
187 486
187 862
188 266
188 795
189 1181
190 752
190 778
191 200
191 468
191 583
193 64
193 158
193 448
193 513
193 725
193 1086
193 1206
194 180
194 311
194 652
194 704
194 947
195 104
195 1001
197 384
198 251
198 363
198 433
198 967
198 1161
198 1172
199 500
199 1117
200 155
200 191
200 285
200 389
200 435
200 583
200 605
200 618
200 800
200 1064
200 1167
201 584
201 1029
202 488
203 186
205 7
205 134
205 170
205 355
205 561
205 688
205 804
205 901
205 939
208 320
208 1087
209 681
209 843
209 990
210 642
210 1165
210 1228
211 105
211 558
211 1063
211 1211
212 30
212 187
212 361
212 1015
212 1091
213 474
213 1221
214 247
215 61
215 909
216 252
216 287
216 581
216 777
216 914
216 1005
216 1038
217 771
218 549
218 694
218 1136
218 1162
219 122
219 139
220 126
220 491
221 338
221 1073
222 856
223 235
223 323
223 370
223 420
223 652
224 54
224 308
225 736
225 918
226 677
226 816
227 8
227 486
227 739
227 1084
228 896
229 68
229 158
229 416
229 440
229 448
229 456
229 513
229 557
229 651
229 809
229 853
229 1033
229 1065
229 1067
229 1086
229 1098
229 1161
229 1206
230 468
231 166
231 382
231 615
231 788
232 45
232 247
232 546
232 931
232 1049
233 598
234 259
234 531
235 99
235 132
235 223
235 292
235 323
235 583
235 1125
236 705
236 878
236 890
237 512
239 116
239 136
239 501
239 747
239 970
239 1071
239 1093
239 1108
240 602
240 844
240 1024
241 341
241 624
241 900
241 1059
242 760
242 894
243 526
243 609
243 747
244 144
244 870
245 349
245 445
245 588
245 686
245 876
246 1199
247 214
247 232
247 348
248 690
248 767
249 337
249 854
249 1056
250 116
251 198
251 369
251 506
251 739
251 1084
251 1098
251 1124
251 1140
251 1169
251 1172
251 1176
252 216
252 483
252 534
252 1186
253 912
255 873
255 994
256 300
256 450
256 774
256 782
256 788
256 799
256 1070
257 498
257 512
257 859
257 1179
258 1215
259 234
259 625
259 704
259 947
261 82
261 687
262 265
262 433
262 486
262 533
262 557
262 765
262 825
262 1140
262 1176
262 1228
263 324
264 433
264 448
264 765
264 1030
265 262
265 411
265 712
265 994
266 187
266 188
266 369
266 467
266 482
266 506
266 536
266 712
266 741
266 825
266 1164
267 541
267 967
268 472
268 968
268 1006
268 1183
269 22
269 151
269 283
269 563
270 9
270 650
270 1206
271 320
271 879
271 1087
271 1139
271 1212
272 20
272 186
272 846
273 342
273 409
273 1027
274 755
274 843
274 990
275 82
276 321
276 667
277 103
278 34
278 162
278 165
279 18
279 344
279 364
279 474
279 610
279 849
279 940
280 576
280 871
280 1071
280 1126
281 565
281 569
283 46
283 269
283 441
283 453
283 1118
283 1179
284 736
284 877
284 1019
285 155
285 200
285 389
285 800
285 1115
286 1148
287 216
287 581
287 752
287 1038
288 91
288 425
288 670
288 735
288 796
288 837
288 852
288 1015
288 1090
288 1110
289 385
289 1095
290 110
290 167
290 343
290 505
290 930
290 1061
291 455
291 594
291 768
291 804
291 897
291 934
291 939
291 976
291 1032
292 32
292 235
292 364
292 502
293 92
293 666
293 1040
294 838
295 116
295 590
296 73
298 370
298 949
299 376
300 132
300 256
300 688
301 671
302 433
302 486
303 631
303 1191
304 24
304 340
304 1003
305 860
306 32
306 53
306 82
306 129
306 599
306 1216
307 818
308 32
308 224
308 975
310 439
310 465
310 699
311 194
311 605
311 833
311 949
312 110
312 1156
313 671
314 165
316 147
319 101
319 102
319 486
319 519
319 712
320 208
320 271
320 415
320 1087
321 135
321 276
321 667
321 971
322 647
323 109
323 223
323 235
323 502
323 1038
323 1114
324 263
325 140
326 1055
327 62
327 1073
328 1002
329 63
329 619
330 41
330 1205
331 394
332 812
333 866
335 611
337 120
337 147
337 149
337 249
337 341
337 709
337 854
337 903
337 1024
337 1056
337 1059
337 1171
337 1184
337 1222
338 221
338 586
339 589
340 304
340 975
341 241
341 337
341 380
341 903
341 1059
342 273
343 290
343 403
343 505
344 279
345 106
345 600
345 1099
346 29
346 102
346 175
346 1084
347 629
347 1084
348 247
348 931
349 245
349 853
350 506
350 906
350 1079
350 1121
351 1017
352 32
352 65
352 420
352 664
352 753
352 924
352 1111
352 1223
353 354
354 353
354 990
355 14
355 205
355 561
355 901
356 1164
357 990
358 567
359 1220
360 568
361 101
361 102
361 187
361 212
361 369
361 433
361 484
361 651
361 707
361 712
361 792
361 845
361 862
361 920
361 1020
361 1079
361 1092
361 1142
361 1164
362 1016
362 1132
363 198
363 369
363 506
363 608
364 166
364 279
364 292
365 53
365 89
365 367
365 502
365 538
365 832
365 1021
365 1179
365 1216
366 708
367 53
367 65
367 89
367 108
367 181
367 365
367 396
367 522
367 671
367 832
367 1021
368 39
368 91
368 465
368 933
369 251
369 266
369 361
369 363
369 486
369 506
369 536
369 593
369 639
369 712
369 772
369 1121
369 1140
369 1198
369 1224
370 223
370 298
370 430
370 652
370 1125
371 115
371 704
371 956
372 523
372 603
373 113
373 433
373 440
373 845
374 476
374 636
376 299
376 766
376 1072
377 393
378 553
379 679
379 829
379 865
380 147
380 341
380 709
380 821
380 854
381 561
381 763
381 1197
382 231
383 1079
384 7
384 197
384 826
384 897
384 1032
384 1157
385 289
385 807
385 968
385 1044
386 613
387 449
387 619
387 806
387 1102
388 1111
388 1132
389 155
389 200
389 285
389 605
389 618
389 649
389 800
389 1064
391 549
393 377
393 958
394 331
394 970
394 1071
395 521
395 549
395 609
396 32
396 99
396 367
396 562
396 1047
397 1175
398 433
398 741
398 772
398 795
398 845
398 902
399 956
399 1153
400 919
401 774
401 1110
403 343
403 1191
404 959
406 50
406 591
406 1064
407 1102
408 956
409 273
410 498
410 615
410 616
410 963
410 1060
411 265
411 536
411 707
413 133
414 42
414 534
414 601
414 1103
415 320
416 158
416 229
416 456
416 513
416 651
416 689
416 749
416 845
416 1033
416 1086
416 1105
416 1161
416 1206
416 1225
417 92
417 140
417 550
417 943
417 944
417 1152
418 151
418 521
419 547
419 588
419 651
419 686
419 1058
420 82
420 129
420 223
420 352
420 499
420 1222
421 615
421 788
421 926
422 729
423 1214
425 91
425 288
425 686
425 852
425 1081
426 128
430 174
430 370
430 435
430 1093
430 1179
431 536
431 608
431 814
431 1074
432 187
432 433
432 486
432 496
432 536
432 651
432 712
432 1015
433 75
433 101
433 182
433 198
433 262
433 264
433 302
433 361
433 373
433 398
433 432
433 448
433 467
433 557
433 741
433 765
433 772
433 805
433 809
433 845
433 868
433 875
433 902
433 920
433 978
433 1012
433 1015
433 1030
433 1079
433 1128
433 1131
433 1161
433 1225
434 895
435 200
435 430
435 502
436 914
437 465
437 795
438 76
438 490
438 521
438 576
439 310
439 686
439 953
439 978
439 1073
439 1181
440 229
440 373
440 1098
440 1124
440 1172
441 163
441 283
441 449
441 453
441 589
441 618
441 727
441 1179
443 542
444 138
444 180
444 1038
444 1060
444 1111
445 245
445 547
445 588
445 876
448 158
448 193
448 229
448 264
448 433
448 513
448 557
448 651
448 725
448 749
448 765
448 809
448 875
448 1065
448 1196
449 71
449 387
449 441
449 704
449 758
449 913
450 256
450 470
450 677
450 774
450 1215
451 64
451 84
451 158
451 185
451 456
451 506
451 651
451 725
451 739
451 792
451 1098
452 106
453 50
453 283
453 441
453 512
453 1179
455 291
455 486
455 857
455 976
456 68
456 84
456 158
456 160
456 229
456 416
456 451
456 513
456 547
456 650
456 651
456 712
456 746
456 772
456 902
456 929
456 1020
456 1033
456 1092
456 1105
456 1133
456 1206
456 1225
457 131
457 1109
458 693
460 1035
461 774
462 552
462 591
462 914
462 974
462 1050
462 1147
462 1167
462 1193
463 121
463 785
463 865
464 600
464 696
464 860
464 861
464 1099
465 39
465 59
465 310
465 368
465 437
465 541
465 608
465 686
465 735
465 957
465 1073
465 1228
466 555
466 659
466 936
467 9
467 66
467 266
467 433
467 506
467 805
467 814
467 1140
468 191
468 230
468 810
470 181
470 450
470 774
471 1002
472 268
472 580
472 807
472 1006
473 855
474 124
474 213
474 279
474 665
474 803
474 930
474 1100
475 169
476 16
476 374
476 612
477 700
478 149
478 854
478 1056
478 1184
478 1208
480 107
480 498
480 928
481 26
481 156
481 581
481 601
481 887
482 8
482 266
482 814
482 1133
482 1174
483 252
483 833
483 914
484 361
484 707
484 906
484 1084
485 34
485 617
486 8
486 58
486 90
486 102
486 152
486 175
486 187
486 227
486 262
486 302
486 319
486 369
486 432
486 455
486 496
486 520
486 533
486 541
486 557
486 639
486 689
486 845
486 953
486 976
486 1015
486 1020
486 1030
486 1042
486 1081
486 1131
486 1142
486 1176
487 34
487 1210
488 202
488 872
489 1180
490 3
490 116
490 438
490 576
490 710
490 1029
491 54
491 220
491 1079
493 697
494 621
494 854
494 1171
495 1218
496 432
496 486
496 639
496 739
496 1079
496 1084
497 150
497 167
498 116
498 257
498 410
498 480
498 504
498 609
498 816
498 834
498 975
498 1107
498 1223
499 420
499 757
500 199
500 1008
500 1117
501 105
501 239
502 292
502 323
502 365
502 435
504 107
504 498
504 603
504 834
504 1107
505 290
505 343
506 58
506 175
506 251
506 266
506 350
506 363
506 369
506 451
506 467
506 608
506 751
506 1042
506 1074
506 1127
506 1140
506 1142
506 1164
506 1169
506 1176
506 1224
507 985
508 602
509 50
509 181
509 1080
509 1145
511 639
511 953
511 1042
511 1098
511 1124
511 1172
512 131
512 237
512 257
512 453
512 654
512 771
512 859
512 938
512 1118
513 9
513 64
513 68
513 193
513 229
513 416
513 448
513 456
513 651
513 689
513 725
513 749
513 814
513 839
513 1015
513 1028
513 1033
513 1051
513 1067
513 1079
513 1086
513 1105
513 1161
513 1194
513 1206
514 107
514 126
514 609
514 794
515 540
515 1034
516 696
516 860
516 1154
518 785
518 899
519 90
519 102
519 319
519 537
519 545
519 751
519 868
520 68
520 486
520 555
520 802
520 902
521 36
521 395
521 418
521 438
521 576
521 577
521 649
521 813
521 865
521 869
521 873
521 949
522 108
522 138
522 367
523 372
523 603
524 549
524 851
525 58
525 712
525 785
525 1054
525 1060
526 243
526 609
526 675
527 827
527 955
529 624
530 12
531 122
531 234
531 1186
533 262
533 486
533 739
533 741
533 772
533 1224
534 15
534 252
534 414
534 642
534 914
534 1007
534 1022
534 1038
534 1186
534 1193
535 883
535 927
536 266
536 369
536 411
536 431
536 432
536 772
536 1020
537 82
537 519
537 1139
538 89
538 365
538 832
539 791
540 515
540 1147
541 267
541 465
541 486
542 10
542 443
542 690
542 1123
543 597
543 1008
544 86
544 819
545 102
545 175
545 519
545 739
546 45
546 232
547 64
547 419
547 445
547 456
547 588
547 651
547 876
547 1028
547 1058
549 218
549 391
549 395
549 524
549 851
549 1162
550 92
550 417
550 944
551 692
551 1091
552 462
553 378
554 789
554 830
555 144
555 152
555 466
555 520
555 739
555 837
555 880
555 1036
555 1063
555 1187
556 954
556 1014
556 1099
556 1154
557 20
557 64
557 75
557 160
557 229
557 262
557 433
557 448
557 486
557 825
557 845
557 925
558 129
558 167
558 211
558 731
560 99
560 1215
561 7
561 91
561 104
561 205
561 355
561 381
561 804
561 826
561 901
561 1032
561 1151
562 99
562 396
562 832
563 269
563 785
563 1118
563 1179
564 34
564 640
564 681
565 281
566 50
566 167
566 603
566 673
566 873
567 358
567 1104
567 1195
568 360
569 281
569 1096
570 726
571 980
573 674
574 719
575 715
575 764
576 46
576 280
576 438
576 490
576 521
577 521
577 1187
578 5
578 850
578 1021
578 1040
578 1158
580 472
580 695
580 968
581 156
581 216
581 287
581 481
581 863
581 1038
581 1154
582 1
582 740
582 940
583 191
583 200
583 235
583 664
583 1125
584 201
584 710
584 930
584 1003
585 23
585 1027
586 185
586 338
586 1228
587 626
588 245
588 419
588 445
588 547
588 686
589 339
589 441
589 740
590 295
591 18
591 138
591 406
591 462
591 647
591 1003
591 1154
592 605
593 369
594 104
594 291
594 857
594 897
597 171
597 543
597 1117
598 233
599 306
599 740
600 345
600 464
600 981
601 414
601 481
602 240
602 508
603 41
603 372
603 504
603 523
603 566
603 648
603 887
603 1022
603 1167
604 744
605 200
605 311
605 389
605 592
605 652
605 948
605 974
606 619
606 631
606 1080
608 8
608 66
608 363
608 431
608 465
608 506
608 623
608 651
608 814
608 867
608 1074
608 1092
608 1133
608 1174
609 87
609 88
609 107
609 243
609 395
609 498
609 514
609 526
609 834
609 1029
609 1060
610 279
611 335
612 476
612 636
613 52
613 107
613 386
613 1029
615 231
615 410
615 421
615 619
615 880
615 963
615 1146
616 410
617 34
617 485
618 155
618 200
618 389
618 441
618 730
618 800
618 1115
619 63
619 129
619 329
619 387
619 606
619 615
619 724
619 1080
620 657
620 782
620 799
620 995
621 34
621 111
621 494
621 624
621 854
621 1184
622 786
623 608
623 902
624 37
624 149
624 241
624 529
624 621
624 854
624 1056
624 1184
624 1222
625 259
625 654
625 704
626 587
627 763
627 1066
628 860
628 971
628 1014
628 1154
629 347
629 1079
630 6
630 840
631 126
631 303
631 606
633 794
633 830
635 877
636 374
636 612
638 67
638 655
639 58
639 369
639 486
639 496
639 511
639 746
639 953
639 1124
639 1127
640 564
641 1039
642 210
642 534
644 28
644 51
644 662
644 835
644 1138
644 1209
645 863
645 914
646 56
647 176
647 322
647 591
648 603
648 884
648 1219
649 126
649 389
649 521
649 654
649 1179
650 84
650 185
650 270
650 456
650 707
650 1079
651 9
651 158
651 229
651 361
651 416
651 419
651 432
651 448
651 451
651 456
651 513
651 547
651 608
651 686
651 689
651 725
651 739
651 749
651 814
651 957
651 1012
651 1015
651 1020
651 1058
651 1062
651 1067
651 1078
651 1079
651 1161
651 1225
652 194
652 223
652 370
652 605
652 894
652 949
653 5
653 126
654 512
654 625
654 649
654 859
655 638
657 47
657 620
657 1125
658 111
658 1087
658 1212
659 466
659 1073
660 1148
662 28
662 644
662 723
662 745
662 1138
662 1209
663 1189
664 352
664 583
664 924
664 1125
665 474
666 293
666 1040
667 135
667 276
667 321
667 669
667 1199
668 53
668 731
669 46
669 667
670 185
670 288
670 699
670 837
670 1090
671 16
671 301
671 313
671 367
671 979
671 1113
671 1116
672 865
673 41
673 50
673 566
673 873
674 573
675 526
677 226
677 450
677 1068
678 47
679 93
679 130
679 379
679 813
679 928
680 92
680 110
680 935
681 209
681 564
681 990
681 1132
682 92
682 140
682 732
682 816
682 943
682 944
683 990
686 245
686 419
686 425
686 439
686 465
686 588
686 651
686 1073
687 261
688 148
688 184
688 205
688 300
688 726
688 761
688 769
688 785
688 808
688 969
688 999
688 1013
688 1125
688 1136
688 1187
689 64
689 158
689 416
689 486
689 513
689 651
689 1028
689 1067
689 1078
689 1079
689 1086
689 1206
689 1225
690 248
690 542
691 55
692 551
693 458
693 1115
694 218
694 827
695 580
696 464
696 516
696 841
696 981
696 1154
697 493
699 310
699 670
700 477
701 126
701 151
702 769
704 194
704 259
704 371
704 449
704 625
704 914
704 947
705 236
707 175
707 361
707 411
707 484
707 650
707 792
707 875
708 366
708 1011
708 1113
709 337
709 380
710 490
710 584
710 1025
710 1226
711 106
711 822
711 1038
712 90
712 265
712 266
712 319
712 361
712 369
712 432
712 456
712 525
712 725
712 876
712 902
712 957
712 1079
712 1164
712 1197
712 1224
714 105
715 1
715 575
715 764
717 1093
719 574
719 720
720 719
720 769
720 827
721 1106
722 85
723 662
724 168
724 619
725 64
725 158
725 193
725 448
725 451
725 513
725 651
725 712
725 749
725 1028
725 1086
725 1140
725 1206
725 1224
726 570
726 688
727 441
728 843
729 422
730 63
730 618
730 777
730 791
730 1038
731 129
731 558
731 668
731 1015
732 140
732 682
732 943
734 26
734 36
735 288
735 465
735 796
736 128
736 225
736 284
736 877
736 1019
739 8
739 227
739 251
739 451
739 496
739 533
739 545
739 555
739 651
739 906
739 1015
739 1124
739 1172
740 582
740 589
740 599
741 266
741 398
741 433
741 533
741 765
743 846
744 604
745 28
745 662
746 456
746 639
746 814
746 867
746 902
746 1020
747 150
747 239
747 243
747 1185
748 898
748 1216
749 9
749 68
749 158
749 416
749 448
749 513
749 651
749 725
749 772
749 993
749 1086
749 1105
749 1133
750 1111
751 90
751 102
751 506
751 519
751 964
751 1164
752 34
752 190
752 287
752 838
752 1038
752 1218
753 352
754 162
754 1040
754 1179
755 274
755 843
756 12
756 79
757 113
757 499
757 853
757 1042
758 449
759 916
760 115
760 242
760 794
760 829
760 865
760 1185
760 1200
761 688
762 966
762 1137
762 1177
763 381
763 627
763 1066
764 575
764 715
765 262
765 264
765 433
765 448
765 741
765 809
765 920
765 1015
765 1030
765 1128
765 1161
766 376
767 153
767 248
768 291
768 976
769 34
769 688
769 702
769 720
769 827
769 1118
770 87
771 217
771 512
771 1060
772 369
772 398
772 433
772 456
772 533
772 536
772 749
772 845
772 868
773 1060
774 256
774 401
774 450
774 461
774 470
774 782
774 788
774 871
774 995
774 1029
774 1126
774 1215
775 5
776 1145
777 216
777 730
777 1038
778 190
778 1163
779 126
779 785
782 256
782 620
782 774
782 1108
782 1215
783 134
784 1027
785 121
785 128
785 463
785 518
785 525
785 563
785 688
785 779
785 1109
786 145
786 622
788 231
788 256
788 421
788 774
788 799
789 554
789 994
789 1013
790 822
790 1040
791 539
791 730
791 882
791 938
792 361
792 451
792 707
793 122
793 800
793 1040
793 1060
794 514
794 633
794 760
794 830
795 188
795 398
795 437
795 902
795 957
795 1012
796 288
796 735
797 5
797 126
798 163
798 1038
799 256
799 620
799 788
800 155
800 200
800 285
800 389
800 618
800 793
800 1115
800 1145
801 1218
802 68
802 520
802 868
802 902
803 474
803 1173
804 7
804 83
804 170
804 205
804 291
804 561
804 826
804 857
804 897
804 901
804 980
805 102
805 433
805 467
805 920
805 1161
806 387
806 963
807 385
807 472
807 952
807 968
808 688
808 865
808 880
809 152
809 162
809 229
809 433
809 448
809 765
809 845
809 1015
809 1030
809 1176
810 468
811 966
812 332
813 521
813 679
813 1080
813 1118
814 64
814 66
814 431
814 467
814 482
814 513
814 608
814 651
814 746
814 839
814 867
814 1012
814 1020
814 1051
814 1062
814 1074
814 1092
814 1174
814 1194
815 124
816 226
816 498
816 682
816 1223
818 307
818 901
819 544
821 380
822 41
822 50
822 711
822 790
823 987
825 262
825 266
825 557
825 1079
826 170
826 384
826 561
826 804
826 857
826 980
827 527
827 694
827 720
827 769
827 1013
829 22
829 379
829 760
829 1019
829 1179
829 1187
829 1219
830 554
830 633
830 794
831 145
832 65
832 89
832 365
832 367
832 538
832 562
832 849
833 311
833 483
833 1095
834 88
834 498
834 504
834 609
834 1109
834 1160
835 51
835 644
835 1209
837 288
837 555
837 670
837 1151
838 294
838 752
839 185
839 513
839 814
839 867
839 1009
839 1098
840 6
840 630
841 696
841 860
841 861
841 1099
843 209
843 274
843 728
843 755
843 990
844 240
845 101
845 158
845 361
845 373
845 398
845 416
845 433
845 486
845 557
845 772
845 809
845 902
845 1128
846 20
846 186
846 272
846 743
847 995
848 1026
849 116
849 279
849 832
849 970
849 1000
849 1183
850 78
850 578
851 524
851 549
852 288
852 425
852 1081
853 229
853 349
853 757
853 1204
854 249
854 337
854 380
854 478
854 494
854 621
854 624
854 1024
854 1056
854 1208
855 473
855 1044
856 222
857 25
857 455
857 594
857 804
857 826
857 901
857 1097
859 257
859 512
859 654
859 1179
860 305
860 464
860 516
860 628
860 841
860 971
860 981
860 1099
861 464
861 841
862 187
862 361
862 994
862 1015
862 1142
863 581
863 645
865 54
865 138
865 379
865 463
865 521
865 672
865 760
865 808
865 949
865 1040
865 1147
865 1187
866 333
866 922
867 66
867 608
867 746
867 814
867 839
867 1204
867 1228
868 433
868 519
868 772
868 802
869 0
869 521
869 894
870 244
870 1085
871 280
871 774
872 488
873 50
873 255
873 521
873 566
873 673
875 433
875 448
875 707
875 1030
875 1121
876 185
876 245
876 445
876 547
876 712
876 1009
877 56
877 136
877 284
877 635
877 736
878 236
879 271
880 555
880 615
880 808
881 128
882 791
882 987
883 535
884 1
884 50
884 139
884 648
884 974
884 1064
884 1219
887 481
887 603
889 1014
890 236
894 136
894 242
894 652
894 869
895 153
895 434
896 228
897 291
897 384
897 594
897 804
897 901
897 1157
898 748
899 137
899 518
899 1178
900 241
900 903
900 1056
901 7
901 104
901 134
901 170
901 205
901 355
901 561
901 804
901 818
901 857
901 897
901 976
901 1120
901 1196
902 66
902 68
902 398
902 433
902 456
902 520
902 623
902 712
902 746
902 795
902 802
902 845
903 34
903 37
903 147
903 337
903 341
903 900
903 1024
903 1056
903 1212
905 1006
905 1109
906 8
906 75
906 101
906 350
906 484
906 739
906 1121
906 1228
907 115
907 128
907 1115
908 1151
909 215
911 74
912 253
913 156
913 449
914 15
914 60
914 216
914 436
914 462
914 483
914 534
914 645
914 704
914 1136
914 1193
916 759
917 51
917 1138
918 43
918 56
918 225
919 400
920 361
920 433
920 765
920 805
920 1051
920 1065
920 1092
920 1194
920 1225
921 85
922 92
922 866
923 966
924 352
924 664
924 940
924 1021
925 557
926 421
927 535
928 130
928 480
928 679
928 1158
929 158
929 456
929 1079
930 63
930 290
930 474
930 584
930 1061
930 1107
930 1191
931 232
931 348
933 39
933 368
934 170
934 291
935 55
935 92
935 157
935 680
936 466
936 1085
937 1050
937 1218
938 512
938 791
938 1219
939 205
939 291
940 279
940 582
940 924
940 1025
941 1057
943 140
943 417
943 682
943 732
943 944
944 140
944 417
944 550
944 682
944 943
944 1152
946 105
946 1136
946 1178
947 194
947 259
947 704
947 1111
948 162
948 605
948 1167
949 298
949 311
949 521
949 652
949 865
951 62
951 152
952 807
952 968
953 439
953 486
953 511
953 639
953 1084
954 556
955 176
955 527
956 371
956 399
956 408
956 1153
957 465
957 651
957 712
957 795
957 1206
958 393
959 404
961 1162
963 410
963 615
963 806
963 1173
964 68
964 751
964 1161
966 762
966 811
966 923
966 1137
967 198
967 267
968 268
968 385
968 580
968 807
968 952
969 688
970 239
970 394
970 849
971 321
971 628
971 860
971 987
971 1048
972 42
972 1061
972 1178
973 1
974 462
974 605
974 884
975 32
975 65
975 93
975 308
975 340
975 498
976 38
976 291
976 455
976 486
976 768
976 901
977 1031
977 1179
978 433
978 439
978 1073
978 1131
979 671
980 571
980 804
980 826
980 1091
980 1151
981 46
981 600
981 696
981 860
982 1068
982 1083
982 1152
983 1155
984 106
984 1184
985 507
986 32
986 124
987 4
987 823
987 882
987 971
987 1082
987 1106
990 209
990 274
990 354
990 357
990 681
990 683
990 843
991 1134
993 749
994 107
994 163
994 255
994 265
994 789
994 862
994 1104
994 1223
995 620
995 774
995 847
995 1156
996 998
997 118
998 996
998 1043
998 1137
999 688
1000 103
1000 849
1001 195
1002 328
1002 471
1003 304
1003 584
1003 591
1003 1080
1004 80
1005 216
1005 1186
1006 268
1006 472
1006 905
1007 15
1007 534
1008 500
1008 543
1008 1227
1009 185
1009 839
1009 876
1009 1098
1010 1185
1010 1221
1011 708
1012 433
1012 651
1012 795
1012 814
1012 1051
1012 1062
1013 167
1013 688
1013 789
1013 827
1013 1191
1014 556
1014 628
1014 889
1015 9
1015 182
1015 212
1015 288
1015 432
1015 433
1015 486
1015 513
1015 651
1015 731
1015 739
1015 765
1015 809
1015 862
1015 1030
1015 1062
1015 1079
1016 362
1016 1132
1017 351
1018 1088
1019 284
1019 736
1019 829
1020 9
1020 68
1020 102
1020 361
1020 456
1020 486
1020 536
1020 651
1020 746
1020 814
1020 1079
1020 1092
1020 1204
1020 1206
1021 53
1021 365
1021 367
1021 578
1021 924
1022 534
1022 603
1022 1186
1023 132
1024 111
1024 240
1024 337
1024 854
1024 903
1024 1056
1024 1222
1025 710
1025 940
1026 848
1027 23
1027 273
1027 585
1027 784
1028 513
1028 547
1028 689
1028 725
1028 1067
1028 1161
1029 107
1029 143
1029 201
1029 490
1029 609
1029 613
1029 774
1030 182
1030 264
1030 433
1030 486
1030 765
1030 809
1030 875
1030 1015
1030 1121
1030 1176
1031 977
1031 1040
1032 291
1032 384
1032 561
1033 229
1033 416
1033 456
1033 513
1034 515
1035 460
1036 555
1038 216
1038 287
1038 323
1038 444
1038 534
1038 581
1038 711
1038 730
1038 752
1038 777
1038 798
1039 641
1040 31
1040 293
1040 578
1040 666
1040 754
1040 790
1040 793
1040 865
1040 1031
1040 1063
1040 1152
1042 58
1042 486
1042 506
1042 511
1042 757
1042 1084
1042 1196
1043 998
1043 1137
1043 1177
1044 385
1044 855
1046 85
1047 166
1047 396
1047 1075
1048 92
1048 971
1049 232
1049 1155
1050 462
1050 937
1051 59
1051 158
1051 513
1051 814
1051 920
1051 1012
1051 1079
1051 1203
1054 525
1055 326
1056 37
1056 111
1056 249
1056 337
1056 478
1056 624
1056 854
1056 900
1056 903
1056 1024
1056 1059
1056 1212
1057 167
1057 941
1058 419
1058 547
1058 651
1058 1204
1059 147
1059 178
1059 241
1059 337
1059 341
1059 1056
1059 1171
1060 16
1060 78
1060 96
1060 105
1060 410
1060 444
1060 525
1060 609
1060 771
1060 773
1060 793
1060 1118
1061 42
1061 290
1061 930
1061 972
1062 158
1062 651
1062 814
1062 1012
1062 1015
1062 1079
1063 26
1063 211
1063 555
1063 1040
1064 155
1064 200
1064 389
1064 406
1064 884
1065 229
1065 448
1065 920
1065 1079
1065 1121
1066 627
1066 763
1067 229
1067 513
1067 651
1067 689
1067 1028
1067 1206
1068 677
1068 982
1069 1076
1070 256
1071 239
1071 280
1071 394
1071 1126
1072 376
1073 221
1073 327
1073 439
1073 465
1073 659
1073 686
1073 978
1073 1131
1074 9
1074 102
1074 431
1074 506
1074 608
1074 814
1074 1079
1075 1047
1076 1069
1077 168
1077 1146
1078 9
1078 651
1078 689
1078 1079
1079 66
1079 75
1079 90
1079 158
1079 350
1079 361
1079 383
1079 433
1079 491
1079 496
1079 513
1079 629
1079 650
1079 651
1079 689
1079 712
1079 825
1079 929
1079 1015
1079 1020
1079 1051
1079 1062
1079 1065
1079 1074
1079 1078
1079 1092
1079 1172
1079 1174
1079 1194
1080 63
1080 509
1080 606
1080 619
1080 813
1080 1003
1081 91
1081 152
1081 425
1081 486
1081 852
1081 1090
1081 1110
1082 987
1083 982
1083 1152
1084 227
1084 251
1084 346
1084 347
1084 484
1084 496
1084 953
1084 1042
1084 1098
1084 1142
1084 1169
1084 1196
1085 870
1085 936
1086 193
1086 229
1086 416
1086 513
1086 689
1086 725
1086 749
1086 1133
1087 208
1087 271
1087 320
1087 658
1087 1212
1088 1018
1089 34
1089 165
1090 185
1090 288
1090 670
1090 1081
1091 212
1091 551
1091 980
1092 361
1092 456
1092 608
1092 814
1092 920
1092 1020
1092 1079
1093 239
1093 430
1093 717
1094 1173
1095 289
1095 833
1095 1107
1096 569
1097 7
1097 857
1097 1151
1097 1197
1098 229
1098 251
1098 440
1098 451
1098 511
1098 839
1098 1009
1098 1084
1098 1172
1099 345
1099 464
1099 556
1099 841
1099 860
1100 474
1101 169
1102 387
1102 407
1103 174
1103 414
1103 1156
1104 567
1104 994
1105 72
1105 158
1105 416
1105 456
1105 513
1105 749
1105 1206
1106 721
1106 987
1107 498
1107 504
1107 930
1107 1095
1108 239
1108 782
1109 5
1109 32
1109 53
1109 457
1109 785
1109 834
1109 905
1109 1119
1110 185
1110 288
1110 401
1110 1081
1111 34
1111 76
1111 352
1111 388
1111 444
1111 750
1111 947
1113 671
1113 708
1114 323
1115 155
1115 285
1115 618
1115 693
1115 800
1115 907
1115 1179
1116 671
1117 199
1117 500
1117 597
1117 1227
1118 46
1118 121
1118 151
1118 283
1118 512
1118 563
1118 769
1118 813
1118 1060
1118 1162
1118 1179
1119 129
1119 1109
1120 33
1120 38
1120 901
1121 350
1121 369
1121 875
1121 906
1121 1030
1121 1065
1121 1140
1121 1164
1121 1176
1121 1225
1123 542
1124 29
1124 251
1124 440
1124 511
1124 639
1124 739
1124 1169
1124 1172
1125 148
1125 235
1125 370
1125 583
1125 657
1125 664
1125 688
1126 280
1126 774
1126 1071
1127 506
1127 639
1128 433
1128 765
1128 845
1130 117
1130 1202
1131 433
1131 486
1131 978
1131 1073
1132 47
1132 54
1132 133
1132 362
1132 388
1132 681
1132 1016
1133 66
1133 68
1133 158
1133 456
1133 482
1133 608
1133 749
1133 1086
1133 1203
1134 991
1135 11
1136 218
1136 688
1136 914
1136 946
1137 183
1137 762
1137 966
1137 998
1137 1043
1138 644
1138 662
1138 917
1138 1209
1139 82
1139 271
1139 537
1139 1222
1140 58
1140 251
1140 262
1140 369
1140 467
1140 506
1140 725
1140 1121
1140 1142
1140 1164
1140 1176
1140 1224
1142 361
1142 486
1142 506
1142 862
1142 1084
1142 1140
1145 509
1145 776
1145 800
1145 1179
1146 615
1146 1077
1147 462
1147 540
1147 865
1148 286
1148 660
1151 561
1151 837
1151 908
1151 980
1151 1097
1152 417
1152 944
1152 982
1152 1040
1152 1083
1153 50
1153 69
1153 399
1153 956
1154 516
1154 556
1154 581
1154 591
1154 628
1154 696
1155 983
1155 1049
1156 312
1156 995
1156 1103
1157 25
1157 384
1157 897
1158 578
1158 928
1160 834
1161 9
1161 64
1161 185
1161 198
1161 229
1161 416
1161 433
1161 513
1161 651
1161 765
1161 805
1161 964
1161 1028
1161 1206
1162 218
1162 549
1162 961
1162 1118
1162 1179
1163 778
1164 266
1164 356
1164 361
1164 506
1164 712
1164 751
1164 1121
1164 1140
1165 210
1167 141
1167 200
1167 462
1167 603
1167 948
1169 251
1169 506
1169 1084
1169 1124
1171 337
1171 494
1171 1059
1172 198
1172 251
1172 440
1172 511
1172 739
1172 1079
1172 1098
1172 1124
1173 803
1173 963
1173 1094
1174 68
1174 482
1174 608
1174 814
1174 1079
1175 397
1176 251
1176 262
1176 486
1176 506
1176 809
1176 1030
1176 1121
1176 1140
1177 762
1177 1043
1178 899
1178 946
1178 972
1179 22
1179 46
1179 151
1179 163
1179 257
1179 283
1179 365
1179 430
1179 441
1179 453
1179 563
1179 649
1179 754
1179 829
1179 859
1179 977
1179 1115
1179 1118
1179 1145
1179 1162
1180 489
1181 189
1181 439
1183 268
1183 849
1184 111
1184 151
1184 167
1184 337
1184 478
1184 621
1184 624
1184 984
1184 1208
1184 1222
1185 105
1185 747
1185 760
1185 1010
1185 1221
1186 252
1186 531
1186 534
1186 1005
1186 1022
1187 50
1187 555
1187 577
1187 688
1187 829
1187 865
1189 663
1190 176
1191 303
1191 403
1191 930
1191 1013
1191 1221
1192 173
1193 60
1193 462
1193 534
1193 914
1194 513
1194 814
1194 920
1194 1079
1194 1204
1194 1206
1195 567
1196 29
1196 448
1196 901
1196 1042
1196 1084
1197 381
1197 712
1197 1097
1198 369
1199 246
1199 667
1200 760
1201 28
1202 1130
1203 1051
1203 1133
1204 68
1204 853
1204 867
1204 1020
1204 1058
1204 1194
1205 131
1205 330
1206 9
1206 64
1206 193
1206 229
1206 270
1206 416
1206 456
1206 513
1206 689
1206 725
1206 957
1206 1020
1206 1067
1206 1105
1206 1161
1206 1194
1208 478
1208 854
1208 1184
1209 28
1209 644
1209 662
1209 835
1209 1138
1210 129
1210 148
1210 181
1210 487
1211 32
1211 211
1212 271
1212 658
1212 903
1212 1056
1212 1087
1214 423
1215 258
1215 450
1215 560
1215 774
1215 782
1216 53
1216 306
1216 365
1216 748
1218 495
1218 752
1218 801
1218 937
1219 50
1219 648
1219 829
1219 884
1219 938
1220 359
1221 105
1221 213
1221 1010
1221 1185
1221 1191
1222 71
1222 337
1222 420
1222 624
1222 1024
1222 1139
1222 1184
1223 352
1223 498
1223 816
1223 994
1224 369
1224 506
1224 533
1224 712
1224 725
1224 1140
1225 9
1225 75
1225 416
1225 433
1225 456
1225 651
1225 689
1225 920
1225 1121
1226 710
1227 1008
1227 1117
1228 210
1228 262
1228 465
1228 586
1228 867
1228 906
