0 584
0 1004
0 986
0 54
0 639
1 1018
1 931
1 535
1 533
1 521
1 485
2 845
2 625
2 29
2 1090
2 929
2 145
2 531
2 681
3 1228
3 980
3 1137
3 256
3 867
3 365
4 391
4 821
4 245
4 71
5 816
5 689
5 416
5 386
5 1078
5 188
5 1171
5 558
5 643
5 63
5 496
5 792
5 189
5 834
5 876
5 875
6 1092
6 1068
7 1058
7 455
7 369
7 1133
7 1203
7 259
7 983
7 1206
7 1051
7 927
7 1118
7 816
8 1132
8 928
8 758
8 564
8 1005
8 298
8 794
8 791
8 998
9 741
9 876
9 421
9 702
9 866
9 557
9 54
9 285
9 192
9 670
9 731
9 1178
9 678
9 329
9 709
9 533
9 461
9 351
10 868
10 651
10 1029
10 448
10 986
11 232
11 487
11 377
12 436
12 699
12 592
12 584
13 778
13 985
13 964
13 1050
13 170
14 60
14 620
14 480
15 234
15 445
15 560
15 1050
15 484
15 416
15 563
15 262
15 406
15 1136
15 319
16 63
16 627
16 718
17 1050
18 1120
18 854
18 1009
18 845
18 975
18 628
18 214
19 731
19 318
19 431
19 147
19 113
20 847
20 5
20 285
21 624
21 89
21 986
21 1219
22 456
22 432
22 72
22 605
22 876
22 988
22 964
22 1157
22 551
22 469
22 1203
22 838
22 814
22 1099
22 519
22 731
22 766
22 940
22 691
22 952
23 472
24 6
24 1056
24 90
24 1210
24 977
25 861
25 174
25 914
25 934
25 690
25 1059
26 1105
26 158
26 407
26 1127
26 994
26 1128
26 450
26 387
26 1162
26 385
27 630
27 975
27 1174
27 283
27 212
27 1154
27 158
27 825
27 356
27 753
28 1017
28 203
28 87
28 427
29 257
29 65
29 1092
29 1163
29 597
29 631
29 876
29 1132
29 875
29 1209
29 384
29 795
30 147
30 465
30 4
30 218
30 900
31 1092
31 385
31 852
31 749
31 952
32 47
32 726
32 14
32 957
32 987
32 111
32 194
32 223
32 1139
32 1065
32 455
33 105
33 285
33 346
34 450
34 876
34 425
34 160
35 702
35 887
36 494
36 77
36 19
37 1132
37 876
37 1050
37 2
37 362
37 188
37 947
37 809
38 970
38 1184
39 398
39 623
39 1068
39 240
39 1210
39 439
39 887
39 431
40 529
40 681
41 12
41 22
41 462
41 1020
41 825
41 185
41 433
41 311
41 1138
41 1184
41 725
42 67
42 373
42 905
42 465
42 1207
42 768
42 54
43 1176
43 472
44 813
44 781
44 2
44 165
44 2
44 434
45 858
45 22
45 638
46 988
46 425
46 64
46 529
46 1129
46 1128
46 652
46 23
46 746
46 1225
46 1080
46 1062
47 266
47 238
47 752
47 825
47 1228
47 978
47 251
47 1028
47 326
47 486
47 1172
48 519
49 721
49 30
49 940
49 879
50 71
50 253
50 778
50 1169
50 9
50 900
51 51
51 1109
51 953
51 1008
51 696
51 793
51 198
51 557
52 486
52 1062
52 1216
52 229
52 394
52 581
52 924
52 741
53 875
53 29
53 263
53 1136
53 709
53 54
53 592
53 454
53 982
53 1042
53 381
53 522
53 899
54 1128
54 835
54 252
54 188
54 1098
54 514
54 957
54 496
54 319
54 1225
55 326
55 869
55 517
55 786
55 457
55 614
56 953
56 814
56 1131
56 102
56 15
56 1111
56 683
57 499
57 547
57 797
58 1051
58 1209
58 681
58 700
58 433
58 64
58 1026
58 1131
58 89
59 1079
59 82
59 663
59 582
59 55
60 1097
60 433
60 782
60 689
60 425
60 3
60 886
60 206
60 727
60 951
60 448
60 763
60 1051
60 1104
61 681
61 998
62 1051
62 323
62 1176
62 105
63 311
63 712
63 582
63 823
63 749
63 713
63 451
63 704
63 752
63 1021
63 327
63 651
63 265
63 90
63 519
63 598
64 106
64 251
64 1109
64 1136
64 523
64 453
64 312
64 190
64 1160
64 615
64 735
64 684
64 926
64 902
64 690
64 1228
64 587
64 390
64 293
64 746
64 1010
64 633
64 494
64 174
64 356
64 785
64 99
64 185
64 843
64 154
64 216
64 414
64 711
64 1074
64 1132
64 1199
64 537
64 218
64 44
64 392
64 990
64 920
65 509
65 406
65 986
65 274
65 1137
65 1185
65 737
65 902
66 304
66 1081
66 827
66 44
66 551
66 959
66 753
66 82
66 1132
66 1160
66 440
66 772
66 547
66 619
67 198
67 1186
67 88
67 64
67 752
67 123
67 1109
68 472
68 953
68 744
68 226
68 956
68 483
68 411
68 216
68 920
68 295
68 1030
68 549
68 166
68 227
68 1142
68 1119
68 696
68 282
69 69
69 987
69 513
69 1133
69 1051
69 867
70 158
71 150
71 1050
71 973
71 1012
71 1062
71 1176
71 792
72 936
72 984
72 643
72 707
72 742
72 682
72 594
72 1173
72 816
72 329
72 91
72 825
72 599
72 1101
72 216
72 1012
72 329
72 474
72 295
72 47
72 188
72 320
72 9
72 509
72 276
72 432
72 433
73 104
74 221
74 252
75 304
75 909
75 0
75 67
75 870
75 951
75 181
75 245
75 524
75 32
75 437
75 167
75 704
76 1100
76 648
76 645
76 547
76 617
76 718
77 1164
77 380
78 1222
78 327
78 1228
78 1074
78 1215
78 1111
78 1164
78 126
78 1131
78 105
79 686
79 436
79 933
80 363
80 543
81 1138
82 406
82 859
82 308
82 183
82 574
82 603
82 101
82 440
82 769
82 827
82 725
82 939
82 506
83 373
83 1169
83 1074
83 771
83 689
83 235
84 1169
84 719
84 1020
84 947
84 805
85 914
85 346
85 757
85 809
87 1119
87 1099
87 369
87 490
88 360
88 1211
88 433
88 833
88 743
89 616
89 751
89 845
89 723
89 655
89 1215
89 200
89 258
89 484
89 494
89 560
89 619
90 1092
90 445
90 448
90 126
90 1074
90 695
90 425
90 1204
90 608
90 485
90 3
90 707
90 787
90 15
90 220
90 101
90 1183
90 293
90 494
90 545
91 709
91 529
91 576
91 262
91 262
91 183
91 765
91 170
91 734
91 496
91 563
91 777
91 794
92 538
92 1228
92 262
92 1028
92 851
92 689
92 258
92 102
92 361
92 214
93 702
93 624
93 816
93 664
93 701
93 1028
94 1086
95 366
96 837
96 928
97 484
97 456
97 1154
98 289
98 876
98 573
99 312
99 628
99 911
99 546
99 953
99 337
99 295
99 1197
99 541
99 491
99 501
99 605
100 467
100 1194
101 496
101 304
101 1209
101 792
101 1208
101 431
101 949
101 694
101 464
101 417
101 411
101 735
101 9
101 800
101 85
102 348
102 393
102 1178
102 331
102 771
102 1161
102 926
102 433
102 511
102 304
102 370
102 875
102 975
102 1196
102 160
103 1066
103 1128
103 455
104 360
104 862
104 93
104 934
104 440
104 216
104 768
104 648
105 990
105 902
105 785
105 34
105 843
105 1042
105 114
105 39
105 758
106 121
106 659
106 58
106 158
107 150
107 843
107 54
107 1056
107 1228
107 1208
108 623
109 709
109 670
109 493
109 1191
109 252
110 798
110 813
110 512
110 1154
111 496
111 839
111 233
111 719
111 976
111 845
111 53
111 569
111 871
111 243
111 623
111 381
112 839
112 384
112 357
113 929
113 802
113 981
113 598
113 1065
113 426
113 345
113 213
114 1065
114 1169
114 906
114 1210
114 395
114 1119
114 315
114 1020
114 181
114 432
114 346
114 498
114 704
114 241
115 1127
115 936
115 41
115 104
115 288
115 1133
116 376
116 796
116 386
116 225
117 995
117 103
118 5
118 560
118 624
119 229
120 457
120 1056
120 987
120 875
120 223
120 638
120 430
120 264
120 731
120 841
121 319
121 498
121 939
121 414
121 1108
121 270
121 1141
121 365
121 1067
121 1017
121 1206
122 437
122 888
122 625
123 1120
123 141
123 559
123 496
123 124
124 537
124 717
124 1038
124 1086
124 354
124 28
125 283
125 816
126 925
126 147
126 39
126 433
126 1014
126 363
126 857
126 341
126 416
126 964
126 258
126 554
126 1102
128 865
128 538
129 623
129 516
129 425
129 1086
129 526
129 970
129 430
129 312
130 250
130 454
130 602
130 1176
130 1123
131 1104
131 645
131 430
131 654
131 717
131 212
131 1061
132 852
132 774
132 1224
132 739
132 198
132 2
132 608
132 1206
133 944
133 1091
133 1073
133 185
133 92
133 1094
133 615
133 745
133 407
133 1095
134 854
134 1023
134 501
134 712
134 1062
134 1128
134 929
134 832
134 707
134 1118
134 1051
134 39
134 1081
135 310
135 1157
135 191
135 388
136 347
136 1086
136 161
136 42
136 400
136 229
136 437
136 659
137 851
137 192
137 1020
137 407
137 543
137 322
138 789
138 1098
138 725
138 888
138 1012
138 56
138 859
138 6
139 635
139 9
139 372
139 616
139 295
139 1015
139 601
140 302
140 111
140 1098
140 432
140 295
140 655
140 369
140 1209
140 89
140 822
140 396
140 816
141 53
141 83
141 565
141 490
141 349
141 882
141 66
142 805
143 951
143 102
143 212
143 561
143 651
143 1147
144 373
144 470
144 175
144 1119
144 914
144 461
145 870
145 1195
145 774
145 581
146 208
146 800
146 404
147 356
147 852
147 438
147 1058
147 1158
147 156
147 480
147 436
147 1028
147 205
147 477
147 1083
148 356
148 880
148 787
148 825
149 9
149 34
149 433
149 439
149 22
149 468
149 1196
149 432
149 331
149 1194
149 9
149 545
149 420
149 373
149 319
150 670
150 221
150 78
150 1017
150 947
151 868
151 769
151 692
151 581
151 670
151 1038
151 1189
151 1007
151 309
151 281
151 589
151 208
151 562
151 363
151 205
151 953
151 69
152 351
152 399
152 984
152 346
152 623
152 252
152 102
152 101
152 407
152 350
152 939
152 1228
152 439
153 939
153 876
154 859
154 1112
154 1199
154 1218
154 1098
154 805
155 837
155 584
155 83
155 1128
155 605
155 1212
155 1077
155 1028
156 1033
156 858
156 416
156 571
156 413
156 448
157 628
157 403
157 804
157 954
157 1012
157 682
158 680
158 984
158 1015
158 1127
158 978
158 419
158 284
158 920
158 946
158 1030
158 1066
158 1157
158 741
158 1016
158 339
158 264
158 166
158 117
158 352
158 82
158 788
158 1087
158 46
158 229
158 707
158 758
158 506
158 141
158 591
158 352
159 639
159 527
160 1071
160 251
160 432
160 249
160 1221
160 717
160 693
160 486
160 526
160 455
160 1146
160 175
160 707
160 594
160 66
160 230
160 453
160 158
160 270
160 22
161 1062
161 15
162 845
162 986
162 245
162 741
163 712
163 417
163 727
164 1021
164 772
165 1009
165 1029
165 649
165 65
165 1210
166 496
166 200
166 327
166 1128
166 680
166 433
166 931
166 319
166 264
167 862
167 139
167 89
167 772
167 826
167 704
168 147
168 450
168 258
168 529
168 1164
168 541
168 1225
169 416
169 388
169 420
169 529
169 440
170 815
170 1107
170 1050
170 769
170 763
170 480
170 1133
170 676
170 330
170 55
170 1081
170 736
172 37
174 444
174 188
174 174
174 936
174 97
174 472
174 326
174 415
174 1098
174 102
174 245
175 1194
175 306
175 327
175 768
175 1129
175 72
175 140
175 282
175 1212
175 854
175 119
175 865
175 75
175 160
176 941
176 416
176 808
176 1056
176 1107
176 467
176 440
176 102
177 1179
177 280
178 682
178 587
178 92
178 1172
178 769
178 47
178 31
178 602
179 478
180 884
180 406
180 972
180 1014
180 651
180 170
180 1154
180 1218
180 306
181 223
181 1047
181 433
181 789
181 1098
181 870
181 1139
181 875
181 13
181 465
182 216
182 709
182 283
182 645
182 37
182 600
182 295
182 1081
182 605
183 432
183 191
183 860
183 1205
183 645
183 502
183 1124
184 557
185 845
185 129
185 899
185 1018
185 390
185 195
185 1215
185 1210
185 906
185 655
185 1118
185 479
185 506
185 907
185 1033
185 170
185 140
185 813
185 346
185 496
185 1012
186 1011
186 512
186 802
187 9
187 395
187 241
187 105
187 62
187 306
187 337
188 1050
188 139
188 467
188 1121
188 1178
188 200
188 168
188 319
188 450
188 1162
188 796
188 78
188 1000
188 1206
188 303
188 1225
188 470
188 755
188 571
188 598
188 964
188 42
188 841
188 1194
188 156
189 547
189 1133
190 1191
190 725
191 120
191 480
191 361
191 414
191 877
191 1164
191 798
191 549
191 651
191 709
191 52
191 298
192 139
192 90
192 1007
192 1029
193 1204
193 751
193 387
193 63
193 1099
193 350
193 509
193 865
193 1021
194 1146
194 289
194 375
194 467
194 1062
194 417
194 1074
194 463
194 1181
194 625
195 288
195 813
195 262
196 651
197 433
197 293
198 180
198 938
198 1067
198 134
198 336
198 680
198 82
198 140
198 772
198 1020
198 1078
198 1108
198 147
198 462
198 798
198 1037
198 1210
199 1131
199 449
199 198
199 37
199 694
200 764
200 27
200 50
200 1081
200 453
200 863
200 461
200 1161
200 1030
200 231
200 545
200 857
200 54
200 825
201 175
201 659
201 581
201 77
201 1119
201 749
201 229
201 1073
202 465
202 1210
202 574
203 957
203 833
204 749
205 862
205 825
205 802
205 581
205 53
205 433
205 265
205 63
205 625
205 669
205 531
205 1191
205 399
205 1105
205 27
205 850
205 448
205 747
205 53
205 467
205 624
205 725
205 749
205 1083
205 623
205 1206
206 557
206 432
206 265
206 369
206 444
207 1109
207 299
207 288
207 151
207 406
207 762
208 92
208 337
208 407
208 516
208 288
208 689
208 834
209 1190
209 1042
209 739
209 937
209 557
209 149
209 994
209 1032
209 643
209 1105
209 1090
210 715
210 580
210 901
210 639
210 191
211 496
211 968
211 550
211 498
211 333
211 130
211 1016
211 1203
211 1050
212 64
212 1210
212 1203
212 327
212 365
212 105
212 1012
212 910
212 721
212 640
212 1047
212 1098
213 1064
213 670
213 486
213 852
213 782
214 1111
214 677
214 677
214 758
215 251
215 873
215 1056
216 1227
216 309
216 980
216 203
216 369
216 1098
216 660
216 1184
216 915
216 787
216 941
216 207
217 182
217 527
218 447
218 929
218 1149
218 444
218 816
218 513
218 668
218 1179
218 154
218 845
218 1031
218 433
218 64
219 1050
219 368
219 1058
219 1029
219 1026
219 564
219 58
220 194
220 513
220 516
220 451
221 176
221 755
221 1167
221 925
221 792
221 987
221 373
221 322
221 84
221 461
221 859
221 158
221 134
221 261
221 976
221 321
223 740
223 1203
223 809
223 857
223 949
223 768
223 48
223 845
224 407
224 239
224 1042
224 420
225 1222
225 262
225 739
225 1098
225 727
225 51
225 749
225 464
226 368
226 1027
226 229
226 986
227 185
227 395
227 60
227 690
227 609
227 9
227 619
227 1143
227 616
227 170
227 968
227 944
228 763
229 647
229 1184
229 445
229 922
229 101
229 686
229 26
229 398
229 362
229 1050
229 534
229 556
229 1176
229 336
229 288
229 939
229 518
229 98
230 1216
230 93
230 1058
230 1206
230 825
230 869
230 225
230 1107
231 241
231 175
231 337
231 462
231 343
231 813
231 5
232 149
232 793
232 237
232 749
232 1079
232 55
232 264
232 64
232 845
232 552
233 316
233 517
233 251
233 687
233 367
233 480
233 1171
234 557
234 406
234 700
234 433
234 709
234 1010
234 454
234 8
234 977
234 1171
234 564
235 324
235 1212
235 1136
235 804
235 347
235 205
235 947
236 875
236 1027
236 367
237 1146
237 772
237 291
237 53
237 540
237 1059
237 533
238 1206
239 432
239 651
239 115
239 1009
239 388
239 457
239 1118
239 1083
239 689
240 689
240 796
241 676
241 1173
241 880
241 496
241 390
241 683
242 654
242 1121
242 1206
242 274
242 360
243 696
243 311
243 59
243 221
243 75
243 131
243 827
244 1009
244 1009
244 557
244 262
244 1147
244 825
244 31
245 42
245 284
245 599
245 1203
245 763
245 483
245 116
245 245
245 1212
245 683
245 516
245 760
245 1225
245 712
245 269
246 1146
246 780
246 809
246 976
247 318
247 233
247 501
247 44
248 909
248 191
248 990
248 484
248 1051
249 854
249 1081
250 102
250 941
250 1019
250 311
250 679
250 56
251 5
251 234
251 1174
251 686
251 441
251 245
251 535
251 75
251 957
251 1121
251 238
251 352
251 788
251 302
251 144
252 31
252 800
252 946
252 990
252 1171
252 822
252 1222
252 1191
252 682
253 660
253 876
253 795
254 647
254 902
254 669
254 453
254 741
255 337
255 1019
255 590
255 400
256 484
256 1227
256 29
256 1090
256 1221
256 839
256 437
256 842
256 760
256 1050
257 115
257 875
257 414
257 496
257 193
257 1107
257 379
257 534
257 456
257 1024
257 120
257 303
257 494
258 37
258 494
259 714
259 689
259 220
259 365
259 621
259 426
260 311
260 781
260 969
261 1031
261 899
261 1020
261 433
262 744
262 744
262 75
262 594
262 1118
262 230
262 880
262 160
262 90
262 731
262 229
262 114
262 957
262 140
262 763
262 529
262 1050
262 1210
262 200
262 285
262 766
262 903
262 208
262 58
262 158
262 481
262 269
263 126
263 743
263 455
263 795
264 1128
264 884
264 529
264 68
264 439
264 486
264 1103
264 1225
264 58
264 845
264 1048
264 845
264 1123
264 931
264 158
264 211
264 1215
264 702
264 1098
264 367
265 1102
265 1125
265 728
265 843
265 308
265 250
265 577
265 875
265 1119
265 275
265 3
266 19
266 648
266 629
266 843
266 1011
266 814
266 227
266 679
266 787
266 797
266 642
266 1191
266 1206
266 75
266 484
266 1163
267 693
267 1176
267 1198
268 669
268 689
268 499
268 1204
269 1098
269 30
269 391
269 1020
269 496
269 275
269 356
269 294
269 188
269 1164
270 432
270 325
270 670
270 131
270 278
270 311
270 262
270 511
270 924
270 90
270 1069
270 1061
270 672
270 927
271 594
271 213
272 44
272 1191
272 202
273 8
273 262
273 1185
273 458
274 1204
274 997
274 558
274 416
274 902
274 1034
274 53
274 438
274 563
274 387
275 942
275 148
275 760
275 558
275 765
275 781
276 599
276 32
276 645
276 1092
277 150
278 1173
278 813
278 755
278 63
278 250
278 953
278 419
278 1150
279 35
279 858
279 1203
279 400
279 152
279 1092
279 775
279 811
280 902
280 555
280 750
280 755
280 689
280 1133
281 245
281 270
281 433
281 547
281 53
281 825
282 1181
282 920
282 906
283 82
283 213
283 967
283 603
283 1146
283 1058
283 1028
283 319
283 934
283 1021
283 1194
283 547
283 845
283 771
283 741
283 1102
283 1206
284 114
284 727
284 441
284 416
284 618
284 1108
285 704
285 281
285 645
285 546
285 762
285 364
285 1017
285 445
285 212
285 907
285 1032
286 741
287 1172
287 365
287 1196
287 1221
287 99
287 421
288 262
288 1086
288 47
288 64
288 44
288 448
288 111
288 72
288 529
288 1194
288 953
288 741
288 107
288 478
288 752
288 170
288 1137
288 561
289 974
289 447
289 22
289 251
289 160
289 1005
290 572
290 673
290 5
290 1099
290 939
290 1
290 800
290 208
291 511
291 747
291 1204
291 406
291 797
291 1212
291 90
291 1199
291 1190
291 929
291 523
291 1018
291 624
292 825
292 160
292 696
292 1142
292 1074
292 239
293 158
293 64
293 1038
293 573
293 1194
293 464
294 327
294 428
295 435
295 949
295 640
295 64
295 13
295 288
295 725
295 32
295 1073
295 381
295 63
296 1164
296 1212
296 1184
297 445
298 1136
298 59
298 34
298 1082
298 1194
298 1032
298 834
298 1008
298 720
299 158
299 323
299 496
299 26
299 888
300 66
300 1154
300 880
300 1065
301 715
301 1197
302 571
302 538
302 319
302 158
302 1079
302 288
302 1007
302 1157
303 853
303 1078
304 121
304 151
304 1109
304 541
305 770
305 41
306 594
306 1198
306 1020
306 1027
306 487
306 999
306 825
306 512
306 758
306 1080
306 664
306 71
306 906
306 954
306 432
306 352
306 1010
306 288
306 826
306 808
307 243
307 515
307 360
307 347
307 354
307 493
308 501
308 1090
308 1067
308 707
308 1191
308 1216
309 9
309 502
309 205
309 651
310 563
310 64
310 762
310 749
310 867
310 216
310 998
310 616
310 201
310 1176
310 826
310 1166
310 361
310 1152
311 1225
311 185
311 373
311 847
311 264
311 536
311 689
311 745
311 47
311 724
311 231
311 205
311 1033
311 445
311 252
312 967
312 914
312 292
312 253
312 188
312 72
312 1023
312 496
312 1107
312 932
313 193
314 484
314 709
314 1038
315 589
315 266
315 49
315 64
316 39
316 588
316 358
316 716
316 775
317 709
318 476
318 623
318 435
318 603
319 141
319 372
319 649
319 953
319 64
319 832
319 700
319 441
319 702
319 504
319 137
319 887
319 391
319 714
319 825
319 227
319 821
319 400
319 642
319 1047
319 888
319 312
319 411
319 1102
320 817
320 417
320 555
320 1062
320 27
320 504
321 880
321 218
321 105
321 1062
321 804
321 46
321 227
322 64
322 795
322 920
322 1149
322 361
322 494
323 102
323 513
323 1191
323 801
324 908
324 1112
324 64
325 621
325 307
325 1010
325 545
325 87
325 911
325 1051
325 1174
325 511
326 787
326 337
326 902
327 257
327 1057
327 1221
327 436
327 32
327 651
327 381
327 513
327 906
327 1109
327 501
328 141
329 99
329 1017
329 704
329 624
329 212
329 1204
329 60
329 635
329 298
329 636
329 134
329 1161
329 302
329 5
329 723
329 56
329 150
329 901
329 257
329 409
329 46
329 751
330 1223
330 647
330 1208
330 63
330 1172
331 410
331 500
332 1111
332 229
333 494
333 356
333 1112
333 682
334 940
334 807
334 633
334 175
335 806
335 114
336 998
336 72
337 901
337 288
337 1162
337 352
337 670
337 12
337 605
337 407
337 350
337 1028
337 295
337 256
338 862
338 933
339 209
340 307
340 888
340 1137
340 9
341 513
341 252
341 367
341 181
341 352
341 551
341 257
341 1203
343 116
343 765
343 932
343 1009
343 599
343 354
343 549
343 34
343 344
343 1127
344 61
345 1090
345 302
345 245
346 465
346 782
346 464
346 1086
346 1020
346 695
346 653
346 1179
346 130
346 673
346 76
346 433
346 200
346 369
346 1216
346 396
346 867
346 465
347 1171
347 467
347 300
347 876
347 365
347 807
347 827
347 516
348 762
348 1062
348 406
348 762
348 1005
348 264
348 47
348 813
349 76
349 114
349 160
349 1020
349 455
349 536
349 748
350 1
350 1022
350 572
350 406
350 694
350 1020
350 467
350 511
350 602
351 312
351 780
351 664
351 1215
351 720
351 760
351 251
351 842
352 388
352 1115
352 351
352 218
352 513
352 856
352 814
352 1112
352 1065
352 929
352 681
352 425
352 797
352 298
352 909
352 689
352 600
352 1129
352 618
352 174
353 836
354 1012
354 993
354 50
354 65
354 225
354 225
354 649
355 995
355 804
355 1030
355 688
355 432
355 512
355 152
356 398
356 768
356 588
356 1107
356 262
356 957
356 1194
356 953
356 608
356 390
356 1102
356 860
356 935
356 276
356 1102
356 496
356 820
356 627
356 129
356 1009
357 744
357 1109
357 484
357 758
357 206
357 114
357 1062
357 700
358 193
358 438
358 459
358 798
358 44
359 490
360 1194
360 1030
360 365
360 211
360 814
360 486
360 191
361 648
361 126
361 97
361 46
361 158
361 26
361 849
361 934
361 441
361 1129
361 1171
361 835
361 39
361 351
361 307
361 540
361 229
361 315
361 1017
361 47
361 220
361 24
361 379
362 478
362 448
362 702
362 836
362 682
362 511
363 917
363 516
363 842
363 814
363 322
363 160
363 135
363 1086
363 480
363 802
363 552
363 649
364 1118
364 629
364 558
364 763
365 414
365 49
365 563
365 829
365 27
365 1186
365 642
365 433
365 1051
365 651
365 527
365 46
365 505
365 1022
365 319
366 288
367 1056
367 337
367 219
367 435
367 455
367 485
367 546
367 290
367 986
367 787
367 363
368 536
368 653
368 188
368 964
368 1101
368 115
368 1098
368 1003
368 907
369 284
369 571
369 149
369 318
369 368
369 1210
369 816
369 1228
369 681
369 1203
369 696
369 87
369 126
369 1030
369 470
369 841
369 68
369 774
369 880
369 794
369 472
369 697
369 1098
369 777
369 390
369 1033
369 304
369 250
369 410
369 976
369 926
369 798
369 888
369 769
369 901
369 968
369 1203
369 782
370 869
370 1071
370 774
370 150
370 982
370 765
370 1090
370 865
370 751
370 22
371 162
371 1073
371 763
371 1008
372 50
372 655
372 352
372 191
372 574
372 229
373 213
373 1117
373 456
373 211
373 586
373 1172
373 990
373 114
373 1218
373 989
373 1056
373 1177
373 987
373 513
373 1119
373 521
373 973
373 723
374 929
374 568
375 1210
376 49
376 198
377 441
377 192
377 264
377 451
378 92
379 549
379 1071
379 579
379 541
379 27
379 623
379 478
379 744
379 939
379 1169
380 1120
380 400
380 571
380 1164
380 274
380 1083
381 1065
381 398
381 1216
381 765
381 134
381 1098
381 481
382 147
382 251
382 1025
382 651
382 857
383 901
383 587
384 929
384 749
384 181
384 801
384 992
384 827
385 1033
385 956
385 432
385 662
385 701
385 1194
385 75
385 834
385 363
386 1135
386 735
386 1222
386 185
386 264
386 696
386 744
386 843
386 1058
387 848
387 7
387 440
387 166
387 1125
387 679
387 628
387 749
387 352
387 808
387 1172
387 955
387 498
388 252
388 952
388 1005
388 270
388 1205
388 205
388 777
388 637
388 10
388 605
389 918
389 788
389 967
389 329
389 1062
389 752
389 772
389 218
389 513
390 465
390 269
390 840
390 1019
391 680
391 72
391 1222
391 1119
391 284
391 464
392 82
393 1222
393 678
394 131
394 681
394 1065
394 395
394 141
395 807
395 1176
395 152
395 205
395 893
395 431
395 814
395 902
396 1046
396 427
396 417
396 1056
396 373
396 118
396 17
396 702
396 1027
396 278
396 1127
398 1172
398 357
398 966
398 346
398 357
398 404
398 1222
398 320
398 943
398 769
398 399
399 498
399 948
399 945
399 930
400 537
400 1038
400 921
400 1121
400 365
400 971
400 937
400 867
401 34
401 744
401 192
401 241
401 93
401 433
401 1103
401 99
401 416
402 438
403 522
403 809
403 467
403 978
403 389
403 1137
403 44
404 262
404 1179
404 693
404 601
405 426
406 72
406 825
406 1212
406 712
406 293
406 1007
406 166
406 388
406 1111
406 760
406 316
407 370
407 1174
407 948
407 1203
407 1212
407 780
407 1020
407 288
407 76
407 66
407 850
407 665
407 1028
407 1086
408 163
408 536
409 71
409 513
410 29
410 223
410 1128
410 275
410 60
410 1087
410 188
411 327
411 234
411 430
411 1086
411 959
411 989
411 1056
411 368
411 62
411 224
411 29
411 212
412 237
413 1164
413 1223
413 974
413 516
413 931
413 1164
414 1128
414 292
414 312
414 813
414 689
414 463
414 1018
414 248
414 670
414 418
414 857
414 993
414 1062
414 1021
414 305
415 205
415 926
415 99
415 1206
415 681
415 1173
415 1042
416 573
416 1095
416 650
416 467
416 1014
416 508
416 37
416 940
416 545
416 768
416 502
416 368
416 538
416 521
416 1144
416 430
416 504
417 388
417 205
417 523
417 382
417 557
417 134
417 511
417 1098
417 167
417 1020
417 809
418 723
418 968
418 640
418 1118
418 333
419 657
419 1066
419 1139
419 736
420 96
420 512
420 406
420 456
420 369
420 1216
420 727
420 1056
420 205
420 540
420 1119
420 986
421 124
421 327
421 486
421 1220
421 1118
421 78
422 558
422 1140
423 187
424 1169
425 205
425 1105
425 114
425 752
425 223
425 561
425 1169
425 1079
425 1133
425 1005
425 482
425 835
425 861
425 188
425 563
426 219
427 924
428 717
428 839
428 1158
429 361
429 1073
429 494
430 149
430 509
430 1190
430 655
430 355
430 433
430 415
430 346
430 882
430 135
430 85
431 68
431 480
431 771
431 221
431 751
431 384
431 1056
431 106
432 1048
432 835
432 914
432 370
432 1194
432 363
432 1084
432 732
432 534
432 361
432 624
432 918
432 683
432 516
432 160
432 584
432 337
432 352
432 788
432 149
432 429
432 116
432 438
432 909
432 619
432 545
432 713
432 369
432 699
432 711
432 939
432 814
432 294
432 561
432 457
432 946
432 425
432 321
432 1227
433 217
433 915
433 219
433 387
433 504
433 1194
433 433
433 604
433 216
433 832
433 216
433 405
433 594
433 695
433 456
433 200
433 903
433 599
433 44
433 479
433 986
433 638
433 287
433 707
433 1119
433 635
433 1041
433 725
433 736
433 689
433 1106
433 925
433 360
433 508
433 966
433 71
433 917
434 450
434 760
435 1020
435 1110
435 835
435 642
435 880
435 1164
435 578
435 407
435 1197
435 565
435 624
435 352
436 410
436 149
436 867
436 188
436 1048
436 2
436 72
436 498
436 1225
436 600
436 465
436 917
437 861
437 1078
437 421
437 369
437 138
437 187
437 825
437 1184
438 245
438 370
438 1049
438 1015
438 529
438 839
438 1092
438 606
438 757
438 295
438 451
438 719
438 1027
438 58
439 845
439 170
439 174
439 234
439 689
439 1037
439 1091
439 466
439 628
439 1051
440 527
440 677
440 934
440 557
440 1221
440 209
440 356
440 1181
440 369
440 876
440 365
441 1109
441 114
441 562
441 825
441 855
441 64
441 557
441 825
441 307
441 462
441 433
441 21
441 917
442 461
442 367
442 480
442 65
443 272
443 765
443 1225
444 147
444 597
444 385
444 221
444 141
444 902
444 283
444 482
444 183
444 472
445 628
445 1092
445 1033
445 363
445 1001
445 433
445 1132
445 558
445 818
445 953
446 511
447 218
447 728
447 834
448 218
448 650
448 440
448 299
448 962
448 624
448 978
448 466
448 906
448 1090
448 417
448 774
448 1087
448 234
448 291
448 145
448 746
449 792
449 1014
449 236
449 211
449 93
449 121
449 1204
449 383
449 337
449 439
449 370
450 921
450 251
450 350
450 257
450 298
450 136
450 232
450 694
450 1102
450 285
451 1164
451 417
451 10
451 211
451 151
451 1001
451 391
451 886
451 1012
451 533
451 962
451 1
452 536
452 193
453 769
453 584
453 1184
453 1099
453 155
453 1128
453 839
453 144
453 1201
453 229
453 627
453 914
453 361
453 1131
453 755
453 884
454 1078
454 693
454 46
454 425
454 1162
455 1001
455 425
455 370
455 200
455 498
455 538
455 1024
455 903
455 484
455 387
455 1161
455 1030
455 379
455 935
455 218
455 1010
455 244
456 132
456 65
456 533
456 884
456 1137
456 849
456 102
456 1228
456 1164
456 225
456 244
456 126
456 520
456 814
456 1179
456 331
456 821
456 1124
456 762
456 432
456 1049
456 957
456 847
456 939
456 743
456 870
456 63
457 384
457 425
457 56
457 370
457 63
457 1025
457 564
457 1099
458 965
458 1030
458 925
459 1020
461 205
461 251
461 390
461 167
461 861
461 869
462 814
462 986
462 89
462 695
462 1018
462 389
462 1108
462 809
462 1033
463 221
463 1164
463 1051
463 229
463 396
463 1105
463 998
463 616
463 1081
464 288
464 799
464 254
464 1013
464 786
464 158
464 869
464 852
464 812
464 169
464 1092
465 1051
465 802
465 1197
465 431
465 1015
465 234
465 1208
465 187
465 707
465 937
465 789
465 134
465 899
465 1145
465 1164
466 823
466 1152
466 341
466 496
466 403
466 63
466 1009
466 581
466 619
466 654
467 744
467 591
467 155
467 564
467 18
467 772
467 272
467 470
467 454
467 1005
467 771
467 1215
467 114
467 744
467 151
467 645
467 586
467 362
467 780
467 985
467 53
467 1056
467 290
467 989
467 7
467 1155
467 248
467 914
467 756
467 1001
467 407
467 456
467 953
467 728
467 139
467 826
467 479
467 370
467 732
467 340
467 1081
468 1121
468 1191
468 352
468 983
469 775
469 65
469 969
469 828
470 343
470 329
470 520
470 1210
470 923
471 130
471 103
471 556
472 329
472 1130
472 1042
472 1032
472 751
472 544
472 30
472 432
472 1090
473 425
473 914
474 194
474 209
474 456
474 1222
475 1125
475 476
475 1220
475 1018
475 891
475 709
476 456
476 1010
476 574
476 1065
476 747
477 1097
477 846
477 1018
477 257
477 449
477 724
477 854
477 986
477 929
477 1030
478 257
478 566
478 801
478 859
478 369
478 1138
478 223
478 413
478 126
478 999
478 75
478 1012
479 149
479 1038
479 1176
480 496
480 907
480 1064
480 182
480 998
480 104
480 884
480 619
480 15
480 516
480 840
480 758
480 1004
480 1131
480 619
480 545
480 66
480 283
480 654
480 205
480 1073
480 569
481 466
481 1224
481 107
481 1161
481 7
481 780
481 139
482 925
482 905
482 753
482 563
482 853
482 1019
482 223
482 1067
482 323
482 630
482 107
483 946
483 861
483 432
483 743
484 868
484 741
484 288
484 983
484 899
484 909
484 1005
484 884
484 787
484 199
484 64
484 284
485 1038
485 502
485 765
486 1208
486 899
486 1179
486 638
486 1170
486 968
486 1225
486 1005
486 463
486 24
486 845
486 290
486 1101
486 96
486 680
486 170
486 172
486 464
486 884
486 800
486 555
486 1222
487 1169
487 1092
487 348
487 109
487 588
487 587
487 1097
487 984
487 325
487 906
489 599
490 843
490 1050
490 568
490 749
490 185
490 356
490 30
490 21
490 571
491 1194
491 1118
491 600
491 964
491 702
492 851
493 1218
493 699
493 509
493 1037
494 1092
494 467
494 834
494 860
494 853
494 403
494 1016
494 75
494 825
494 689
494 372
494 731
494 456
494 582
494 758
494 1216
495 239
495 486
496 1131
496 0
496 1154
496 1154
496 420
496 353
496 594
496 1020
496 735
496 734
496 925
496 994
496 1206
496 1129
496 235
496 1179
496 768
496 668
496 820
496 547
496 547
496 825
496 82
496 451
496 291
497 876
497 670
497 1188
497 433
498 743
498 352
498 329
498 668
498 181
498 90
498 876
498 860
498 631
498 381
498 407
498 688
499 862
499 816
499 151
500 39
500 1071
500 1032
500 746
500 690
501 765
501 451
501 1062
501 420
501 156
501 349
501 727
501 126
501 175
501 522
501 352
501 602
501 1164
501 413
502 231
502 753
502 749
502 509
502 1018
502 788
503 1121
504 223
504 732
504 668
504 170
504 380
504 262
504 356
504 506
504 635
504 105
504 433
504 1000
504 432
504 735
504 129
504 325
505 770
505 825
505 673
505 1154
505 310
505 292
506 993
506 814
506 1154
506 1031
506 1171
506 208
506 876
506 1228
506 834
506 696
506 873
506 1203
506 1228
506 700
506 857
506 433
506 527
506 1179
506 1118
506 27
506 1105
506 791
506 902
506 1073
506 373
506 839
506 1068
506 91
506 601
507 771
508 967
508 1089
508 1074
508 418
508 1118
508 414
509 1193
509 266
509 52
509 1133
509 336
509 425
509 68
509 99
509 78
510 486
510 1118
511 1216
511 651
511 741
511 506
511 465
511 502
511 681
511 747
511 869
511 44
511 1205
511 557
512 145
512 467
512 1020
512 362
512 651
512 205
512 600
512 749
512 619
512 188
512 825
512 266
512 218
512 606
512 650
513 930
513 494
513 580
513 624
513 396
513 438
513 639
513 821
513 437
513 941
513 22
513 798
513 794
513 262
513 975
513 1100
513 266
513 551
513 1
513 808
513 797
513 544
513 712
513 265
513 225
513 938
513 971
513 432
513 551
513 899
513 1174
513 834
513 465
513 468
513 78
514 438
514 757
514 1177
514 903
514 541
514 483
514 1028
514 1199
514 475
515 1164
515 2
515 32
515 1190
516 420
516 1092
516 131
516 225
516 670
516 1131
516 255
516 154
516 621
516 433
516 1216
516 689
516 513
516 329
516 884
517 89
517 679
517 586
517 1109
518 704
518 1097
518 1208
518 884
518 724
518 543
518 558
519 862
519 1184
519 490
519 262
519 1109
519 380
519 986
519 75
519 689
520 54
520 925
520 600
520 461
520 311
520 854
520 1079
520 239
521 346
521 1101
521 983
521 111
521 1025
521 354
521 851
521 743
521 656
522 1132
522 432
523 1028
523 456
523 953
524 666
524 431
524 388
524 72
524 232
524 741
525 1147
525 457
526 663
526 1049
526 76
526 561
526 1210
526 538
526 1161
526 1081
527 815
527 467
527 114
527 1040
527 1030
527 271
527 384
528 1213
528 478
528 1173
528 688
528 437
528 216
529 1028
529 860
529 688
529 1002
529 1059
529 1009
529 266
529 1125
529 298
529 598
529 741
529 744
529 756
529 1099
529 1179
530 655
531 752
531 1032
531 894
531 814
531 578
531 383
532 884
532 903
533 265
533 388
533 69
533 448
533 969
533 735
533 929
533 22
533 1218
533 768
533 746
534 587
534 453
534 969
534 99
534 1098
534 1121
534 311
534 813
534 766
534 870
534 1125
535 32
535 1092
536 257
536 899
536 42
536 936
536 31
536 22
536 346
536 416
536 90
536 1024
536 652
536 1137
536 658
536 572
536 963
536 1087
536 1105
537 851
537 1109
537 395
537 519
537 462
537 425
537 283
537 472
537 310
537 1174
538 797
538 1131
538 437
538 319
538 735
538 1118
538 746
538 1211
538 316
539 279
540 1022
540 471
540 1225
540 463
540 468
540 38
540 158
540 1172
541 1062
541 346
541 562
541 605
541 120
541 1162
541 922
541 168
541 329
541 440
541 756
541 557
541 420
542 696
542 65
542 952
542 187
543 490
543 1108
543 1073
543 1184
543 762
543 1136
544 512
545 129
545 494
545 1092
545 639
545 1157
545 1030
545 120
545 1085
546 280
546 68
546 293
547 651
547 962
547 29
547 879
547 939
547 1042
547 792
547 380
548 899
548 1100
548 29
548 1206
549 350
549 1224
549 939
549 1227
549 1078
549 1013
550 221
550 1224
550 751
550 109
551 384
551 440
551 1007
551 1107
551 581
551 810
551 618
551 202
551 1182
552 1065
552 594
552 962
552 1021
553 506
554 1061
554 747
554 41
555 345
555 787
555 496
555 843
555 52
555 438
555 844
555 1105
555 513
555 266
556 581
556 198
556 221
556 410
556 684
556 775
556 1062
556 367
556 66
557 55
557 821
557 1173
557 534
557 415
557 1203
557 528
557 502
557 415
557 884
557 496
557 241
557 465
557 451
557 394
557 415
557 822
557 453
557 1171
557 478
557 1194
557 1133
557 863
557 1221
557 121
558 710
558 899
558 1074
558 1012
558 1127
558 212
558 809
558 42
558 658
558 860
559 1021
560 962
560 547
560 1073
560 752
560 334
560 800
561 651
561 511
561 853
561 640
561 234
561 478
561 432
561 288
561 264
561 525
561 929
562 906
562 298
562 857
562 327
562 899
562 1118
562 825
563 1077
563 879
563 1028
563 1098
563 1007
563 357
563 1171
563 379
563 484
563 1225
563 369
563 217
563 624
563 75
563 1169
563 755
563 983
563 985
563 174
563 64
563 1028
563 58
564 78
564 1030
564 481
564 914
564 1077
564 1172
564 768
564 82
564 577
564 1142
565 466
566 361
566 1029
566 903
566 198
566 363
566 1212
566 234
567 182
567 1109
567 281
567 690
568 59
568 282
568 89
569 1211
569 683
571 788
571 1081
571 1109
571 439
571 671
571 594
571 292
571 351
571 1176
571 411
572 135
572 1080
572 483
572 814
572 152
572 1090
572 305
573 1119
573 653
574 121
574 605
574 362
574 325
574 627
575 1126
575 863
575 416
575 754
575 673
576 500
576 1027
576 153
576 980
576 605
576 516
576 1007
577 1030
578 658
578 290
578 531
578 449
578 504
578 1194
578 875
578 848
578 102
578 187
578 627
579 170
579 1208
579 42
579 860
580 712
580 956
580 165
580 1009
581 1028
581 1030
581 262
581 151
581 825
581 629
581 1113
581 354
581 432
581 1073
581 918
582 1020
582 509
582 547
582 433
582 709
582 809
583 1030
583 496
583 155
583 537
583 940
583 506
583 1142
583 1086
583 1185
583 349
584 983
584 438
584 64
584 332
584 361
584 1109
584 208
585 361
586 123
586 193
586 1078
586 875
587 636
587 230
587 511
588 1150
588 757
588 1015
588 693
588 78
588 369
588 1082
589 604
589 498
589 858
590 1102
590 1116
590 808
591 15
591 939
591 750
591 939
591 451
591 754
591 1043
591 193
591 51
592 1080
592 1186
592 771
592 188
592 266
592 627
592 319
592 648
593 1020
593 417
593 1086
594 480
594 1208
594 562
594 356
594 867
594 1062
594 351
595 134
595 1176
596 398
597 1185
597 64
597 792
597 1092
598 1028
598 997
598 678
598 361
598 302
598 417
598 1158
599 765
599 531
599 51
599 929
599 689
599 634
599 1020
599 875
599 27
600 2
600 1174
600 266
600 980
600 1164
600 1028
600 1204
600 289
600 603
600 467
600 707
600 394
601 540
601 18
601 599
601 132
602 371
602 768
602 444
602 599
602 1073
602 1012
602 871
602 697
602 22
602 492
602 461
602 233
602 198
602 78
603 1081
603 1040
603 792
603 262
603 1090
603 262
603 291
603 493
603 463
603 92
604 1206
604 1215
604 957
604 1038
604 82
604 112
604 216
604 996
604 1158
605 537
605 998
605 113
605 314
605 456
605 746
605 325
605 775
605 509
606 281
606 1197
606 717
606 367
606 432
607 188
607 1113
607 1028
607 560
608 1059
608 1064
608 934
608 251
608 19
608 502
608 5
608 420
608 1215
608 213
608 1086
608 605
608 1033
608 686
608 1173
608 91
608 723
608 616
608 527
608 953
609 435
609 1128
609 453
609 350
610 566
610 229
610 1142
611 337
612 1015
612 875
614 853
615 416
615 19
615 1211
615 145
615 768
616 158
616 929
616 39
616 914
616 680
616 670
616 390
616 241
616 162
616 560
616 1210
617 372
617 968
617 602
618 358
618 311
618 623
618 1222
618 713
618 571
618 939
618 373
619 770
619 949
619 1225
619 680
619 193
619 230
619 1215
619 82
619 451
619 1164
619 498
619 1101
619 717
619 563
619 1062
620 490
620 751
620 699
620 1169
620 1148
620 229
621 796
621 161
621 880
621 29
621 216
621 857
621 680
621 461
621 752
621 1157
621 907
621 797
621 917
621 449
621 477
622 1125
622 440
622 875
623 1030
623 486
623 1009
623 14
623 1048
623 501
623 860
623 255
623 250
623 467
623 431
623 884
623 167
623 681
623 27
623 361
623 26
623 398
624 1021
624 869
624 861
624 976
624 357
624 1138
624 1099
624 798
624 1015
624 490
624 571
624 360
624 902
624 825
624 205
624 651
625 796
625 1021
625 695
625 231
625 943
626 361
626 1043
627 175
627 563
627 564
627 925
627 941
627 800
627 64
627 330
628 746
628 533
628 875
628 598
628 694
628 421
628 578
628 307
628 175
628 649
628 1078
628 456
629 829
629 847
629 711
629 822
629 948
629 1107
630 139
630 149
631 414
631 626
633 624
633 1056
634 1143
634 151
634 760
634 373
635 573
635 799
635 291
635 610
635 26
635 474
636 556
636 607
637 166
637 894
638 821
638 558
638 33
638 651
638 693
638 106
638 185
638 441
639 388
639 986
639 774
639 244
639 1033
639 1206
639 662
639 262
639 931
639 955
639 188
639 400
639 914
639 1138
639 1051
639 449
639 112
639 541
639 270
639 599
640 542
640 643
640 1009
640 561
640 826
640 959
640 1064
641 433
642 1080
642 974
642 679
642 670
642 1154
642 914
642 1012
643 876
643 55
643 540
643 1057
644 519
644 1
644 557
644 234
645 486
645 494
645 1110
645 231
645 1056
645 496
645 279
645 249
645 369
646 165
646 283
647 102
647 701
647 801
647 1098
647 1084
648 986
648 529
648 903
648 900
648 608
648 1214
648 139
648 152
648 841
649 516
649 835
649 64
649 628
649 1118
649 968
649 1194
649 8
649 903
649 853
650 436
650 513
650 540
650 210
650 813
650 561
650 2
650 482
650 1030
651 1154
651 505
651 1056
651 524
651 536
651 361
651 1210
651 745
651 977
651 746
651 987
651 433
651 283
651 104
651 54
651 234
651 1158
651 1121
651 305
651 825
651 1110
651 1087
651 250
651 1022
651 299
651 341
651 978
651 29
651 649
651 429
651 516
651 1108
652 636
652 369
652 971
652 806
652 141
652 1225
653 1228
653 825
653 1084
653 747
653 200
653 957
654 1210
654 841
654 952
654 154
654 22
654 805
655 58
655 1056
655 1068
655 181
655 132
655 814
655 439
655 501
655 188
655 957
655 465
655 66
655 1078
656 1194
656 867
656 67
656 851
656 289
657 946
657 321
657 1152
657 1141
658 600
658 124
658 744
658 367
658 374
658 710
658 193
658 628
659 380
659 1118
659 37
659 857
659 1176
659 1033
660 183
660 1215
660 1059
661 391
662 527
662 821
662 867
662 859
662 380
662 418
662 788
663 752
664 673
664 1162
664 155
664 333
664 741
665 398
665 562
665 155
665 1017
666 531
666 135
667 998
667 852
668 657
668 659
668 89
668 546
668 72
668 262
668 759
668 999
668 202
668 748
668 190
668 1030
668 346
668 438
669 655
669 312
669 1173
669 1003
669 551
670 337
670 432
670 643
670 591
670 525
670 8
670 964
670 1164
670 160
670 1164
670 1042
670 806
670 901
670 87
670 295
671 964
671 886
671 1170
671 1173
671 513
672 1164
672 651
673 621
673 1103
673 606
673 1049
673 386
673 1030
674 1205
674 956
675 194
675 82
675 629
675 623
676 285
676 275
677 958
677 121
677 216
677 692
677 806
677 1215
677 53
677 1224
677 754
678 903
678 841
678 1003
678 182
678 441
678 866
678 608
678 707
678 537
679 121
679 986
679 1172
679 619
679 839
679 562
680 1067
680 764
680 940
680 760
680 649
680 809
680 205
680 288
681 873
681 675
681 155
681 1079
681 873
681 976
681 32
681 788
681 884
681 584
682 741
682 1199
682 1007
682 788
682 143
682 1055
682 993
682 1016
682 666
682 462
682 938
682 1164
683 193
683 352
683 1221
684 747
684 18
684 265
684 382
684 378
684 880
684 707
685 1059
686 77
686 1059
686 608
686 693
686 581
686 582
686 633
686 326
686 528
686 1225
686 373
686 875
686 1171
686 480
686 658
686 248
686 1210
686 642
687 814
688 72
688 1
688 1222
688 193
688 492
688 845
688 22
689 774
689 639
689 1059
689 321
689 1142
689 385
689 786
689 388
689 1015
689 182
689 329
689 670
689 1193
689 205
689 1075
689 989
689 1228
689 864
689 638
689 430
689 825
689 312
689 794
689 618
689 321
689 571
690 234
690 746
690 329
690 1042
690 38
691 234
691 478
692 349
692 449
692 182
692 1225
692 430
693 860
693 1005
693 1179
693 205
693 1052
693 329
693 1086
694 751
694 387
694 9
694 1206
694 1128
694 268
694 413
694 857
695 627
695 732
695 174
695 655
695 900
695 1133
696 378
696 1028
696 329
696 605
696 1209
696 1124
696 33
696 1228
696 494
696 934
696 60
697 75
697 55
697 934
697 212
698 329
698 563
698 771
699 36
699 744
699 893
699 433
699 1133
699 1038
699 44
699 329
700 902
700 867
700 310
700 1111
700 355
700 414
700 967
700 1115
701 976
701 616
701 512
701 1222
701 621
701 72
701 365
701 329
702 969
702 416
702 1174
702 262
702 876
702 7
702 861
702 90
702 1028
702 1215
702 551
702 1009
702 524
702 993
702 1133
703 317
704 835
704 68
704 736
704 431
704 993
704 327
704 64
704 107
704 1216
704 1020
704 352
704 1143
705 1
706 1123
707 1115
707 183
707 1102
707 542
707 1137
707 15
707 475
707 525
707 830
707 854
707 1164
707 1013
707 444
707 876
708 1128
708 126
709 472
709 221
709 725
709 731
709 480
709 1163
709 528
709 619
709 150
709 1014
709 506
709 1080
709 757
709 388
709 53
709 1227
709 343
709 285
710 325
710 466
710 180
710 333
710 188
710 472
710 92
711 772
711 1020
711 749
711 1164
712 4
712 162
712 1012
712 327
712 754
712 283
712 360
712 340
712 1200
712 650
712 1097
712 788
712 721
712 403
712 839
712 1068
712 301
713 1020
713 1012
713 261
713 770
713 825
714 1087
714 102
714 838
714 534
714 369
714 293
714 986
715 1194
715 453
715 543
715 1043
715 351
715 1211
715 1043
715 1105
716 1098
717 158
717 934
717 531
717 763
717 678
717 621
717 340
717 513
717 311
717 670
718 608
719 21
719 143
719 361
719 825
720 700
720 1033
720 288
720 816
721 902
721 1167
721 438
721 91
721 1078
722 1198
722 467
723 345
723 248
723 728
723 1020
723 517
723 431
724 862
724 1074
724 830
724 967
725 964
725 455
725 965
725 542
725 32
725 1120
725 191
725 574
725 144
725 964
725 588
725 464
725 854
725 242
725 97
725 929
725 1007
725 536
725 385
725 710
725 138
725 59
726 832
727 785
727 869
727 583
727 188
727 1052
727 602
727 1013
727 478
728 5
728 370
728 80
728 845
728 82
728 449
728 608
729 322
729 231
730 411
730 415
730 454
730 513
730 62
730 276
730 457
730 702
730 1228
731 542
731 886
731 200
731 1086
731 725
731 131
731 714
731 949
731 32
731 327
732 1017
732 27
732 436
732 1086
732 1024
732 444
734 1030
734 435
734 739
735 1172
735 578
735 939
735 536
736 529
736 957
736 440
736 433
736 584
736 389
736 229
737 777
738 465
738 1189
739 624
739 131
739 93
739 288
739 608
739 119
739 575
739 857
739 700
739 128
739 99
740 884
740 1212
740 1136
740 1181
740 833
741 788
741 496
741 1206
741 229
741 1105
741 860
741 725
741 428
741 730
741 504
741 396
741 854
741 849
741 1161
741 847
741 651
741 526
742 645
742 620
742 436
742 1109
742 535
743 188
743 157
743 534
743 749
744 1133
744 731
744 857
744 860
744 1124
744 1092
744 664
744 282
744 410
745 851
745 69
746 32
746 1145
746 341
746 229
746 185
746 382
746 1119
746 318
746 749
746 794
746 686
746 845
746 929
746 829
746 34
746 257
746 1029
747 1215
747 558
747 1161
747 731
747 192
747 15
747 428
747 365
747 801
747 436
747 1127
748 456
748 901
748 472
748 980
748 312
748 432
748 741
748 772
749 110
749 487
749 149
749 721
749 757
749 1118
749 781
749 989
749 433
749 194
749 285
749 1146
749 436
749 679
749 1074
749 744
749 850
749 1048
749 1118
749 266
749 234
749 82
750 337
750 360
750 1093
750 808
750 312
751 629
751 916
751 1146
751 54
751 26
751 1114
751 135
751 1074
751 712
751 64
751 327
752 214
752 60
752 187
752 487
752 183
752 27
752 1042
752 1185
752 759
753 680
753 669
753 38
754 709
754 749
754 1111
754 837
754 749
754 237
754 428
754 149
755 645
755 903
755 496
755 234
755 1056
755 64
755 1105
755 825
756 826
756 1179
756 55
756 555
756 288
756 226
757 1086
757 262
757 515
757 216
757 432
757 805
757 907
757 1124
757 90
757 1135
757 155
757 639
757 901
757 141
757 976
757 404
758 1177
758 120
758 337
758 758
758 557
758 200
758 924
759 33
759 853
760 602
760 983
760 868
760 1228
760 88
760 417
760 902
760 68
760 917
761 133
762 1089
762 1109
762 697
762 1038
763 629
763 442
763 989
763 765
763 281
763 749
763 694
763 686
763 953
763 564
763 647
764 1020
764 1173
764 835
765 865
765 278
765 1228
765 870
765 1021
765 411
765 608
765 670
765 900
765 235
765 324
765 1118
765 406
765 449
765 768
765 1222
765 1115
765 717
765 879
765 633
765 283
765 1109
765 176
765 998
765 1204
765 403
765 68
765 1191
765 206
765 44
765 687
765 396
765 351
765 106
766 604
766 373
766 796
766 939
766 341
766 798
766 606
767 1027
767 1064
768 188
768 5
768 264
768 202
768 360
768 14
768 651
768 550
768 1158
768 576
768 712
768 854
768 768
768 1024
768 1103
768 909
768 521
768 650
768 1210
768 710
768 1092
768 668
769 1067
769 121
769 371
769 66
769 811
769 1210
769 749
769 356
769 232
770 49
770 1161
770 272
770 826
771 248
771 407
771 134
771 1118
771 627
771 640
771 693
771 1081
771 175
771 749
772 744
772 1027
772 547
772 669
772 288
772 1120
772 844
772 325
772 363
772 768
772 208
772 251
772 554
772 757
772 310
772 792
772 1218
772 239
774 875
774 765
774 920
774 449
774 757
774 540
774 421
774 720
774 194
774 225
774 504
774 1125
774 3
774 107
775 814
775 1222
775 1098
775 39
775 152
775 1146
775 688
775 89
775 662
775 456
775 421
775 765
776 1051
776 75
776 109
776 170
777 651
777 639
777 765
777 1194
777 560
777 1109
777 163
778 629
778 700
778 739
778 1164
779 452
779 89
780 1195
780 513
780 32
780 1007
780 166
780 639
781 859
781 467
781 60
781 711
782 270
782 826
782 80
782 998
782 92
782 1006
782 64
782 99
782 388
782 644
782 1092
783 1051
783 875
784 311
784 183
785 68
785 825
785 1028
786 901
786 875
787 1221
787 158
787 64
787 298
787 839
787 69
787 287
787 411
787 922
787 557
787 802
787 1125
787 953
787 948
787 18
788 974
788 568
788 607
788 69
788 841
788 136
788 845
788 770
788 79
788 438
788 797
788 812
788 154
788 1097
789 765
789 600
789 274
789 433
790 603
790 1125
791 805
791 782
791 929
791 623
791 248
792 251
792 600
792 390
792 1056
792 491
792 924
792 295
792 672
792 1029
792 579
792 876
792 618
792 411
793 553
793 880
794 1049
794 1169
794 1229
794 494
794 457
795 83
795 347
795 365
795 768
795 762
795 603
795 1024
795 167
795 572
795 943
795 432
796 1020
796 884
796 363
796 486
796 233
796 529
796 484
796 144
796 1032
797 501
797 1019
797 248
797 1102
797 442
797 1055
797 193
797 513
797 938
797 496
798 32
798 597
798 251
798 903
798 514
798 694
798 875
799 1194
799 1098
799 50
799 200
799 72
799 1146
799 736
799 1176
800 1030
800 259
800 772
800 635
800 1092
800 861
801 453
801 775
801 82
801 269
802 288
802 1186
802 211
802 138
802 449
802 349
802 454
802 1030
802 720
802 1087
802 915
803 505
804 42
804 216
804 949
804 389
804 762
804 867
804 1137
804 306
805 360
805 496
805 71
805 1090
805 655
805 715
805 244
805 1090
805 279
805 638
805 220
805 1199
805 337
805 654
805 192
805 536
806 651
806 572
806 308
806 930
806 1222
806 967
806 867
806 5
807 647
807 501
807 845
807 686
807 688
807 295
808 1038
808 30
808 9
808 837
808 1084
808 271
808 229
808 749
808 433
808 939
809 157
809 399
809 1172
809 237
809 185
809 768
809 862
809 22
809 8
809 261
809 803
809 998
809 398
809 1010
809 623
809 284
809 1225
809 712
809 321
809 1133
809 700
810 862
811 113
811 174
811 7
812 407
813 1014
813 343
813 554
813 513
813 1098
813 465
813 795
813 58
813 454
813 741
813 523
813 157
813 1051
813 1026
814 346
814 293
814 845
814 813
814 114
814 668
814 701
814 1133
814 34
814 775
814 420
814 13
814 1128
814 285
814 1216
814 684
814 650
814 432
815 897
815 55
815 432
816 174
816 321
816 888
816 1032
816 387
816 1018
816 746
816 385
816 5
816 1103
817 926
818 774
818 839
818 741
818 875
819 174
820 7
820 640
820 448
820 374
821 751
821 487
821 555
821 310
821 677
821 1086
821 962
821 781
822 138
822 862
822 268
822 396
823 844
823 867
823 735
823 717
823 822
823 1092
823 105
824 807
825 797
825 813
825 556
825 653
825 449
825 692
825 741
825 1157
825 1211
825 406
825 107
825 432
825 82
825 964
825 616
825 930
825 1032
825 1067
825 456
825 290
825 1222
825 882
825 1059
825 603
825 1066
825 1021
825 104
825 889
825 241
825 1048
825 563
825 709
825 1116
825 1025
825 43
825 539
825 871
825 88
825 436
825 280
825 899
825 866
826 330
826 300
826 421
826 814
826 1154
826 361
826 188
826 425
826 1012
826 1024
826 450
826 431
826 821
827 233
827 842
827 1228
827 306
827 621
827 644
827 1074
827 181
828 248
828 676
829 744
829 902
829 341
829 193
829 188
829 558
829 385
829 64
829 505
829 529
829 1160
830 651
830 1107
830 717
831 797
832 478
832 732
832 282
832 259
832 5
832 1109
832 798
832 912
832 986
832 876
832 91
832 1051
832 675
833 1203
833 1131
833 518
833 1086
833 60
833 1084
833 816
834 205
834 1084
834 169
834 524
834 71
834 490
835 415
835 185
835 21
835 1102
835 502
835 384
835 274
835 141
836 1118
836 139
836 901
837 210
837 487
837 536
837 765
837 230
837 1136
837 1061
837 799
837 686
837 1181
838 513
838 1051
839 788
839 554
839 1214
839 847
839 449
839 941
839 269
839 953
839 1065
839 1118
839 658
839 884
839 550
839 581
839 1050
839 993
840 266
840 372
841 922
841 337
841 894
841 1123
841 825
841 514
841 1206
841 191
841 682
842 256
842 772
842 620
842 129
842 72
842 1164
842 926
843 926
843 152
843 1074
843 1029
843 881
843 217
843 1177
843 285
843 852
844 280
844 989
844 158
844 229
844 455
845 1143
845 536
845 450
845 901
845 253
845 134
845 462
845 258
845 757
845 1138
845 887
845 363
845 541
845 1186
845 306
845 918
845 789
845 467
845 697
845 207
845 167
845 749
845 102
845 1092
845 482
845 2
845 961
845 1038
845 310
845 72
845 1115
845 407
845 400
846 450
846 47
846 468
847 1118
847 102
847 250
847 100
847 814
847 425
847 42
848 709
848 177
848 789
849 89
849 1088
849 765
849 1154
849 187
849 764
849 934
849 144
850 63
850 232
850 283
850 1015
850 120
850 505
850 760
850 220
850 566
851 1169
851 1126
851 64
851 934
851 939
851 956
851 132
852 1148
852 156
852 1099
852 185
852 319
852 536
852 1027
852 504
852 684
852 59
852 514
852 579
853 266
853 42
853 1051
853 106
853 120
853 1032
853 604
853 1127
853 19
853 1007
854 867
854 1197
854 187
854 1090
854 682
854 302
854 288
854 255
854 581
854 616
854 1097
854 1162
854 890
854 730
855 514
855 914
855 946
856 624
857 450
857 451
857 357
857 417
857 901
857 281
857 1147
857 1042
857 1080
857 599
857 213
857 1003
857 1126
858 1094
858 1122
858 83
858 232
859 867
859 351
859 266
859 133
859 1003
859 354
860 819
860 260
860 800
860 876
860 1147
860 188
860 513
860 1108
860 804
861 290
861 1203
861 829
861 650
861 788
861 621
861 1161
861 769
861 1161
861 225
861 655
862 639
862 400
862 929
862 621
862 160
862 346
862 1056
862 1017
862 986
862 82
862 406
862 230
862 504
862 847
863 189
863 943
863 1218
863 582
863 307
863 1158
863 368
864 856
864 1131
864 1111
864 612
865 276
865 387
865 256
865 765
865 772
865 506
865 605
865 506
865 799
865 486
866 413
866 237
866 160
867 1024
867 797
867 361
867 1058
867 556
867 866
867 981
867 1222
867 198
867 78
867 72
867 725
867 727
868 278
868 1090
868 1156
868 893
868 7
868 59
868 837
868 22
868 983
868 1097
868 978
869 467
869 310
869 1012
869 307
869 188
869 1194
869 1155
869 54
870 1121
870 656
870 756
870 262
870 232
870 976
870 670
870 824
870 518
870 1169
871 99
871 316
871 516
871 826
871 1206
871 557
873 234
873 152
873 1092
873 775
873 933
873 875
873 981
874 584
874 1158
875 1126
875 455
875 385
875 998
875 273
875 746
875 971
875 639
875 251
875 536
875 888
875 1138
875 1193
875 207
875 454
875 1083
875 345
875 115
875 440
875 526
875 642
876 1056
876 865
876 104
876 616
876 1208
876 441
876 587
876 505
876 506
876 362
876 114
876 521
876 529
876 708
876 1111
876 1216
876 266
876 490
876 1078
876 1145
876 340
876 270
876 662
876 1131
876 1084
876 1154
876 667
876 514
876 736
876 1013
876 806
876 1042
877 395
877 902
877 710
877 218
877 201
877 516
878 512
879 574
879 32
879 686
879 478
879 833
879 741
879 967
879 242
879 1005
880 798
880 191
880 1102
880 800
880 567
880 400
880 549
880 269
880 974
880 1010
880 137
880 310
880 1179
880 442
881 1135
881 129
882 213
882 158
882 160
882 953
882 409
883 1014
883 188
884 564
884 1021
884 364
884 827
884 1058
884 1210
884 730
884 68
884 1120
884 763
884 771
884 129
884 165
884 312
884 494
884 84
884 64
884 845
884 806
885 650
886 325
886 200
887 409
887 976
887 1013
887 1064
887 757
887 521
888 516
888 227
888 736
888 816
888 440
888 825
888 478
888 787
888 799
888 1121
888 75
888 491
889 1225
889 486
889 669
890 5
890 825
891 1174
891 915
891 673
892 1030
893 369
893 512
893 930
893 229
894 433
894 857
894 319
894 143
894 249
894 854
894 561
895 1068
895 884
896 111
897 229
897 623
897 1109
897 528
897 188
897 433
898 1154
899 1212
899 225
899 677
899 329
899 467
899 91
899 437
899 388
899 29
899 72
899 1155
900 421
900 904
900 239
900 772
900 46
900 56
900 87
900 435
900 1208
900 432
900 191
900 61
900 191
900 53
900 152
901 1019
901 1187
901 498
901 347
901 289
901 465
901 465
901 838
901 444
901 1049
901 224
902 1186
902 875
902 1146
902 252
902 768
902 208
902 1161
902 752
902 431
902 293
902 1065
902 1025
902 1154
902 496
902 1155
902 457
902 385
902 132
902 11
902 337
902 583
902 430
902 75
902 506
902 686
902 490
902 797
903 279
903 160
903 682
903 5
903 749
903 1067
903 243
903 922
903 925
903 922
903 686
903 768
903 246
904 90
904 414
905 592
905 414
905 198
905 792
905 709
905 32
906 658
906 876
906 255
906 813
906 493
906 699
906 118
906 981
906 592
906 906
906 262
906 978
906 506
906 581
906 776
906 948
906 414
906 749
907 1012
907 1179
907 993
907 513
907 1211
907 28
907 795
907 435
908 449
908 58
909 562
909 75
909 351
909 1224
909 1173
910 65
911 1125
911 558
911 473
912 1131
912 65
913 475
914 1038
914 1056
914 433
914 416
914 1040
914 870
914 117
914 386
914 929
914 302
914 886
914 107
914 319
914 1056
914 349
914 121
914 993
914 843
914 144
915 102
915 1109
915 562
916 557
916 839
917 236
917 1101
917 486
917 602
917 391
917 917
917 283
918 960
918 957
918 1042
920 1062
920 848
920 725
920 768
920 436
920 455
920 501
920 1154
920 229
920 771
921 1182
922 924
922 952
922 609
922 501
922 229
922 455
922 1121
923 1128
923 945
924 102
924 306
924 1225
924 205
924 1028
924 745
924 852
925 123
925 567
925 1172
925 416
925 782
925 1225
925 1111
925 1221
925 449
925 67
925 357
925 542
926 558
926 537
926 867
926 1102
926 369
926 1119
927 562
927 448
928 603
928 1206
928 1080
928 561
929 1121
929 765
929 649
929 725
929 83
929 743
929 480
929 1064
929 1097
929 357
929 758
929 474
929 1005
929 450
929 592
929 384
929 155
929 487
929 902
929 433
929 604
929 938
929 1174
929 1224
929 229
929 274
929 1047
929 270
930 582
930 1098
930 847
930 419
930 947
930 450
930 582
930 91
930 943
930 448
930 930
931 1111
931 1016
931 253
931 757
931 825
931 347
931 768
932 557
932 42
932 606
932 829
933 677
933 1038
933 257
933 1087
933 445
933 1062
933 1081
934 871
934 1203
934 469
934 695
934 1067
934 1172
934 860
934 234
934 686
935 291
935 401
935 87
935 826
935 767
935 615
936 1105
936 977
936 888
936 717
936 1062
936 843
936 509
936 1089
936 561
937 319
937 1208
937 212
937 825
938 925
938 29
938 670
938 600
938 643
939 155
939 482
939 622
939 745
939 624
939 536
939 1028
939 1010
939 256
939 765
939 61
939 438
939 902
939 1102
939 1108
939 104
939 586
939 319
940 369
940 72
940 1136
940 136
940 907
940 329
940 735
940 362
941 1050
941 305
942 1084
942 1011
943 453
943 771
943 731
943 91
943 850
943 1173
943 482
944 666
944 657
944 882
944 858
944 592
944 480
944 997
945 311
945 739
946 1060
946 998
946 212
946 1167
946 1065
946 1074
946 188
946 654
946 658
946 668
947 129
947 369
947 1046
947 155
947 827
948 1056
948 1062
948 272
948 1203
948 82
948 1169
949 1131
949 355
949 901
949 264
949 76
949 1157
949 1051
949 1020
949 147
950 1087
951 525
951 557
951 1020
951 516
951 361
951 71
952 1055
952 541
952 1020
952 757
952 1098
952 282
953 715
953 265
953 591
953 1205
953 136
953 732
953 216
953 490
953 629
953 493
953 524
953 64
953 823
953 425
953 1109
953 1136
953 1129
953 774
953 154
954 15
954 1161
955 1012
955 63
956 1074
956 792
956 567
956 850
956 504
956 221
956 953
957 134
957 901
957 576
957 935
957 485
957 1026
957 1203
957 655
957 1008
957 31
957 673
957 467
957 494
957 29
958 391
958 1109
959 188
959 742
960 1048
961 1079
961 765
961 551
961 361
961 751
961 108
962 357
962 352
962 536
962 482
962 8
962 1174
962 1030
962 438
963 1062
963 964
963 1218
963 72
964 962
964 1109
964 772
964 858
964 1205
964 363
964 1009
964 212
964 957
964 1060
964 216
964 599
964 594
964 529
964 288
964 365
964 583
964 1179
964 231
964 801
964 513
965 758
965 779
966 323
966 327
966 160
966 1194
966 658
966 875
966 208
966 699
967 255
967 323
967 763
967 433
967 780
967 149
967 432
967 30
967 619
968 451
968 511
968 798
968 1009
968 89
968 658
968 262
968 825
968 41
968 709
968 973
969 176
969 188
969 504
969 318
969 245
970 398
970 9
970 425
970 626
971 712
971 496
971 1212
971 793
971 625
972 1038
972 1062
972 1204
972 1194
972 441
972 82
972 478
973 45
973 894
973 229
973 76
974 17
974 234
974 749
974 967
974 140
974 717
974 619
974 1074
975 1078
975 1206
975 1161
975 701
975 310
975 1119
975 688
976 1189
976 453
976 216
976 175
976 161
976 902
976 452
976 191
976 650
976 496
976 650
976 621
977 1137
977 1164
977 1020
977 480
977 105
978 278
978 83
978 441
978 1181
978 1009
978 639
978 853
978 1033
978 445
978 1027
978 812
978 799
978 689
979 266
980 1088
980 929
980 1074
980 1172
980 926
980 352
980 337
981 82
981 487
981 490
981 547
981 1177
981 28
981 84
981 964
981 21
981 686
981 871
982 1028
982 1131
982 1043
983 802
983 765
983 859
983 1225
983 660
983 329
983 335
984 952
984 461
984 992
985 253
985 770
985 953
986 1058
986 962
986 352
986 845
986 1173
986 787
986 1097
986 139
986 41
986 505
986 64
986 839
986 198
986 462
986 188
986 651
986 1206
986 1106
986 509
987 1098
987 407
987 1028
987 929
987 435
988 99
989 1222
989 751
989 48
989 467
990 1124
990 805
990 868
990 462
990 1136
990 1169
990 860
992 1093
992 563
993 540
993 946
993 1118
993 509
993 478
993 357
993 823
993 214
993 798
993 401
993 241
993 75
993 1131
993 188
994 1210
994 980
994 38
994 867
994 64
994 1177
994 743
995 491
995 166
995 900
995 891
995 813
995 731
995 775
995 1012
995 88
995 11
995 1127
995 22
996 1051
997 825
997 185
998 47
998 180
998 845
998 800
998 439
998 97
998 1109
998 155
999 147
999 239
999 960
999 356
1000 92
1000 556
1000 1102
1001 232
1001 391
1001 223
1002 1172
1002 684
1002 608
1003 71
1003 433
1003 857
1003 44
1003 158
1003 1020
1003 337
1003 623
1003 551
1003 976
1003 288
1003 1158
1004 25
1004 511
1005 1195
1005 1190
1005 193
1005 447
1005 1055
1005 433
1005 63
1005 28
1005 869
1005 41
1005 1031
1005 557
1005 136
1006 424
1006 358
1006 1204
1006 1131
1006 658
1007 816
1007 251
1007 478
1007 1143
1007 90
1007 825
1007 701
1007 232
1008 537
1008 180
1008 22
1008 454
1009 744
1009 1174
1009 1206
1009 156
1009 930
1009 1108
1009 650
1009 76
1009 953
1009 902
1009 618
1009 651
1009 1222
1009 1028
1009 329
1009 852
1009 343
1009 1198
1009 780
1009 7
1009 42
1010 922
1010 229
1010 890
1010 295
1010 406
1010 91
1010 1201
1010 160
1010 879
1011 1078
1011 270
1011 175
1011 1031
1012 212
1012 1225
1012 1000
1012 1162
1012 1126
1012 501
1012 1037
1012 1018
1012 386
1012 1154
1012 41
1012 219
1012 757
1012 598
1012 421
1012 823
1012 218
1012 453
1012 602
1012 439
1012 90
1012 99
1012 65
1012 24
1012 628
1012 1097
1012 572
1012 1164
1013 928
1013 200
1013 738
1013 615
1013 602
1013 1221
1014 1012
1014 902
1014 114
1014 749
1014 99
1014 1131
1014 811
1014 845
1015 358
1015 323
1015 319
1015 120
1015 1109
1015 702
1015 1102
1015 1115
1015 645
1015 1001
1015 46
1015 265
1015 288
1015 407
1015 875
1015 512
1015 504
1015 809
1015 906
1016 537
1016 481
1016 113
1016 27
1017 799
1017 879
1017 625
1017 41
1017 516
1017 581
1017 1176
1017 681
1018 262
1018 218
1018 594
1018 468
1018 191
1018 198
1018 220
1019 195
1019 563
1019 1179
1019 66
1019 63
1019 295
1019 337
1020 686
1020 1223
1020 278
1020 765
1020 1084
1020 548
1020 763
1020 841
1020 414
1020 485
1020 455
1020 254
1020 1153
1020 879
1020 1010
1020 668
1020 174
1020 1141
1020 207
1020 269
1020 760
1020 682
1020 1223
1020 412
1020 160
1020 1221
1020 597
1020 121
1020 1121
1020 1164
1020 1024
1020 1015
1020 730
1020 174
1020 1224
1020 448
1020 956
1020 964
1020 675
1020 712
1020 1222
1020 636
1021 623
1021 1161
1021 725
1021 679
1021 403
1021 124
1021 822
1021 1177
1021 487
1021 265
1021 399
1021 638
1021 953
1021 739
1022 1009
1022 516
1022 455
1022 825
1023 1074
1024 455
1024 363
1024 0
1024 264
1024 362
1024 212
1024 802
1024 290
1024 691
1025 465
1025 315
1025 227
1025 1084
1025 440
1025 315
1026 1056
1026 428
1026 64
1026 242
1026 1038
1026 932
1026 583
1026 739
1027 765
1027 893
1027 166
1027 580
1027 71
1027 432
1027 939
1027 513
1027 707
1028 1215
1028 303
1028 1184
1028 994
1028 348
1028 1228
1028 1019
1028 195
1028 68
1028 673
1028 655
1028 9
1028 658
1028 805
1028 709
1028 71
1028 329
1028 69
1028 470
1028 441
1028 440
1028 845
1028 825
1028 1224
1029 100
1029 683
1029 425
1029 700
1029 16
1029 136
1029 261
1029 71
1029 153
1030 541
1030 60
1030 1102
1030 249
1030 464
1030 832
1030 1086
1030 1056
1030 1009
1030 709
1030 481
1030 185
1030 223
1030 325
1030 437
1030 1214
1030 1048
1030 1205
1030 664
1030 174
1030 66
1030 1227
1030 814
1030 25
1030 121
1031 805
1031 516
1031 884
1031 500
1031 751
1032 1128
1032 78
1032 517
1032 433
1032 181
1032 357
1033 1169
1033 201
1033 1017
1033 513
1033 198
1033 393
1033 149
1033 234
1033 67
1033 765
1033 242
1033 985
1033 384
1033 1051
1033 133
1033 825
1033 60
1033 1118
1033 1048
1033 509
1034 574
1034 595
1037 746
1037 1038
1037 1157
1038 80
1038 455
1038 940
1038 256
1038 109
1038 377
1038 67
1038 513
1038 556
1038 1137
1038 1174
1038 725
1039 989
1039 651
1040 630
1040 1103
1040 983
1041 886
1042 845
1042 900
1042 1216
1042 709
1042 1110
1042 884
1042 431
1042 329
1042 703
1042 435
1042 467
1042 346
1042 508
1042 1123
1042 983
1042 348
1043 472
1043 824
1043 239
1043 948
1043 385
1043 1083
1044 876
1044 548
1045 600
1045 263
1045 76
1046 566
1046 398
1047 433
1047 1021
1047 953
1047 1033
1047 1164
1048 1194
1048 845
1048 1005
1048 270
1048 388
1048 845
1048 484
1049 211
1049 208
1049 535
1049 367
1049 986
1050 664
1050 198
1050 183
1050 389
1050 51
1050 935
1050 1177
1050 364
1050 709
1051 484
1051 199
1051 986
1051 709
1051 1208
1051 1154
1051 877
1051 599
1051 563
1051 865
1051 782
1051 175
1051 496
1051 877
1051 701
1051 1067
1051 287
1051 111
1051 1102
1051 469
1051 754
1051 623
1051 624
1051 1222
1051 2
1051 531
1051 621
1051 747
1051 265
1051 1142
1051 795
1051 999
1051 857
1052 73
1053 825
1055 281
1055 316
1055 784
1055 388
1055 482
1055 265
1055 948
1056 96
1056 825
1056 809
1056 1210
1056 417
1056 513
1056 283
1056 993
1056 680
1056 140
1056 809
1056 1043
1056 304
1056 1206
1056 858
1056 888
1056 432
1056 714
1056 593
1056 1025
1057 693
1057 463
1058 1098
1058 319
1058 484
1058 373
1058 361
1058 683
1058 373
1058 259
1058 744
1058 1222
1058 288
1059 413
1059 1091
1059 90
1059 266
1059 1086
1059 792
1059 91
1059 466
1059 645
1059 515
1059 183
1059 464
1060 1020
1060 329
1060 650
1060 329
1060 308
1061 1005
1061 1223
1061 162
1061 904
1061 255
1061 642
1061 130
1061 280
1061 1101
1061 1020
1061 1062
1061 843
1061 978
1061 752
1062 267
1062 218
1062 264
1062 14
1062 603
1062 129
1062 1015
1062 1013
1062 1005
1062 823
1062 603
1062 1222
1062 964
1062 668
1062 888
1062 902
1062 789
1062 111
1062 365
1062 462
1062 319
1062 734
1062 126
1062 509
1062 517
1062 437
1062 682
1062 948
1062 201
1063 509
1063 620
1064 206
1064 962
1064 455
1064 825
1064 658
1064 560
1064 448
1064 622
1064 758
1064 867
1064 307
1065 821
1065 995
1065 1160
1065 410
1065 903
1065 26
1065 1118
1065 1174
1065 421
1065 16
1065 329
1065 902
1065 624
1065 219
1065 360
1065 329
1065 1228
1065 816
1065 1015
1066 981
1066 809
1067 111
1067 688
1067 1148
1067 448
1067 1097
1067 447
1067 38
1067 655
1067 749
1067 191
1067 1099
1067 1218
1068 346
1068 638
1068 736
1068 352
1069 1120
1070 925
1070 336
1070 623
1071 1096
1071 801
1071 526
1071 899
1071 876
1072 610
1073 640
1073 536
1073 265
1073 655
1073 64
1073 528
1073 1125
1073 1173
1073 734
1073 422
1073 828
1074 419
1074 952
1074 533
1074 662
1074 357
1074 1068
1074 906
1074 181
1074 512
1074 658
1074 178
1074 19
1074 37
1074 274
1074 231
1074 124
1074 834
1074 809
1074 1131
1074 309
1074 615
1074 448
1074 875
1074 899
1074 1217
1074 1051
1074 251
1074 829
1075 413
1075 425
1076 1212
1076 1012
1077 832
1077 496
1077 1015
1078 746
1078 152
1078 1094
1078 498
1078 319
1078 953
1078 166
1078 198
1078 498
1078 160
1078 686
1078 854
1078 1064
1078 793
1078 802
1078 683
1079 835
1079 520
1079 1049
1079 198
1079 936
1079 471
1079 367
1079 441
1079 350
1079 506
1079 628
1079 266
1079 144
1079 1031
1079 868
1079 771
1079 412
1079 946
1079 357
1079 810
1079 104
1079 101
1079 1147
1079 813
1080 668
1080 198
1080 694
1080 1140
1080 854
1080 66
1080 498
1080 53
1080 1147
1081 1195
1081 921
1081 386
1081 601
1081 322
1081 85
1081 1164
1081 920
1081 1216
1082 239
1083 138
1083 1209
1083 12
1083 163
1083 436
1084 1012
1084 262
1084 78
1084 206
1084 298
1084 160
1084 251
1084 946
1084 964
1084 304
1084 1012
1084 900
1084 1102
1084 1109
1084 269
1084 946
1085 751
1085 1097
1085 1089
1086 1067
1086 341
1086 219
1086 129
1086 1021
1086 9
1086 670
1086 643
1086 1216
1086 1003
1086 1137
1086 210
1086 768
1086 854
1086 484
1086 929
1086 185
1086 102
1086 625
1086 87
1086 468
1086 1161
1086 457
1087 934
1087 647
1087 369
1087 832
1087 677
1087 827
1087 1194
1087 187
1087 1095
1088 1009
1088 1228
1088 1033
1088 124
1088 557
1089 882
1089 668
1089 1174
1089 26
1090 527
1090 792
1090 1162
1090 1019
1090 51
1090 735
1090 1206
1090 677
1090 1104
1090 1174
1090 254
1091 407
1091 842
1091 473
1092 325
1092 1038
1092 1154
1092 363
1092 1115
1092 1112
1092 1191
1092 825
1092 780
1092 308
1092 1172
1092 465
1092 306
1092 643
1092 448
1092 852
1092 1021
1092 797
1092 938
1092 151
1092 1225
1092 435
1092 482
1092 307
1092 34
1092 674
1092 450
1092 334
1092 761
1092 217
1093 287
1093 1113
1093 467
1093 1060
1094 739
1094 165
1094 557
1094 388
1095 198
1095 884
1095 251
1095 986
1096 37
1097 365
1097 978
1097 356
1097 516
1097 867
1097 1158
1097 597
1097 894
1097 1030
1097 1223
1097 933
1097 816
1097 1042
1097 842
1097 971
1097 258
1097 1131
1097 765
1098 361
1098 276
1098 772
1098 209
1098 1094
1098 788
1098 1062
1098 1090
1098 65
1098 165
1098 227
1098 861
1098 1184
1098 854
1098 864
1098 747
1098 668
1098 977
1098 936
1098 607
1098 1224
1098 364
1098 982
1098 843
1098 274
1098 283
1098 694
1099 799
1099 253
1099 1173
1099 502
1099 1119
1099 829
1099 64
1100 765
1100 48
1100 193
1101 756
1101 906
1101 191
1101 899
1101 511
1101 114
1101 642
1101 661
1101 1077
1101 79
1102 1097
1102 13
1102 846
1102 600
1102 1064
1102 903
1102 27
1102 1098
1102 205
1102 1161
1102 229
1102 188
1102 360
1102 554
1102 798
1102 564
1102 156
1102 572
1103 1021
1103 1179
1103 1212
1103 481
1103 1019
1103 27
1104 1010
1104 983
1104 1206
1105 407
1105 774
1105 772
1105 133
1105 778
1105 850
1105 751
1105 907
1105 315
1105 290
1105 362
1105 1102
1105 619
1105 682
1105 12
1105 138
1105 63
1105 940
1105 356
1105 711
1106 727
1106 825
1107 542
1107 174
1107 774
1107 902
1107 643
1107 158
1107 678
1107 1027
1107 572
1107 1101
1107 352
1108 262
1108 1124
1108 627
1108 218
1108 902
1109 465
1109 291
1109 849
1109 1081
1109 860
1109 712
1109 271
1109 1164
1109 1051
1109 140
1109 180
1109 256
1109 1121
1109 879
1109 303
1109 28
1109 506
1109 64
1109 1029
1109 369
1109 1115
1109 1115
1109 878
1109 432
1109 114
1109 19
1109 968
1109 765
1110 662
1110 905
1110 695
1110 200
1110 754
1110 1003
1111 721
1111 832
1111 884
1111 829
1111 662
1111 1050
1111 291
1111 650
1111 668
1111 1225
1111 1033
1112 555
1112 114
1112 278
1112 875
1112 731
1112 472
1113 1009
1113 580
1113 433
1113 5
1114 257
1114 1092
1115 414
1115 193
1115 239
1115 1116
1115 820
1115 357
1115 221
1115 63
1116 1089
1116 318
1117 836
1117 710
1117 185
1117 710
1117 682
1118 871
1118 251
1118 223
1118 373
1118 837
1118 478
1118 957
1118 93
1118 526
1118 863
1118 620
1118 826
1118 953
1118 986
1118 2
1118 1020
1118 1038
1118 880
1118 5
1118 949
1119 884
1119 1092
1119 584
1119 360
1119 628
1119 1137
1119 697
1119 650
1119 114
1119 1203
1119 1028
1119 1086
1119 106
1119 160
1119 64
1120 795
1120 1130
1120 327
1120 946
1120 590
1120 257
1120 1218
1120 1224
1121 992
1121 1028
1121 1012
1121 319
1121 513
1121 826
1121 929
1121 389
1121 768
1121 140
1121 964
1121 652
1121 920
1121 291
1121 891
1122 875
1123 682
1123 1224
1123 22
1123 1212
1124 777
1124 1121
1124 939
1124 608
1124 256
1124 352
1124 995
1124 725
1124 467
1124 411
1125 931
1125 538
1125 976
1125 1140
1125 636
1125 628
1125 914
1125 283
1125 1062
1125 723
1126 814
1126 584
1126 200
1126 158
1126 90
1126 1020
1126 513
1127 109
1127 751
1127 223
1127 262
1127 1176
1127 513
1127 728
1127 638
1127 825
1127 472
1127 551
1127 765
1127 471
1128 771
1128 253
1128 825
1128 737
1128 648
1128 618
1128 857
1128 1151
1128 1123
1128 289
1128 287
1128 1062
1128 871
1128 659
1128 680
1128 427
1128 76
1128 380
1128 814
1129 369
1129 153
1129 621
1129 420
1129 788
1130 327
1131 295
1131 343
1131 1038
1131 681
1131 414
1131 1218
1131 828
1131 302
1131 876
1131 1137
1131 799
1131 1146
1131 405
1131 1108
1131 394
1131 467
1131 448
1131 241
1131 929
1131 346
1132 849
1132 845
1132 825
1132 700
1132 795
1132 1158
1132 624
1132 766
1133 1100
1133 899
1133 490
1133 653
1133 1128
1133 581
1133 266
1133 219
1133 1030
1133 47
1133 1061
1133 730
1133 162
1133 809
1133 220
1133 278
1133 278
1135 42
1135 864
1135 7
1135 795
1136 158
1136 1225
1136 257
1136 825
1136 721
1136 259
1136 188
1136 906
1136 760
1136 65
1136 769
1136 8
1137 248
1137 72
1137 1225
1137 120
1137 166
1137 1020
1137 264
1137 287
1138 696
1138 1129
1138 1121
1138 45
1138 936
1138 934
1138 132
1138 643
1139 367
1139 477
1139 584
1139 701
1139 121
1139 185
1140 1164
1140 1018
1140 956
1140 723
1140 210
1140 175
1140 1051
1140 1109
1141 765
1141 469
1141 415
1141 52
1142 1225
1142 5
1142 398
1142 845
1142 699
1142 188
1142 600
1142 825
1143 369
1143 1111
1143 194
1144 1079
1145 514
1145 1118
1145 1056
1145 188
1145 655
1145 750
1145 628
1146 233
1146 809
1146 205
1146 63
1146 194
1147 287
1147 1179
1147 600
1147 465
1147 1147
1148 768
1148 66
1148 464
1148 327
1149 669
1150 776
1151 792
1152 483
1152 416
1152 1118
1152 1138
1152 665
1152 1161
1153 583
1153 404
1153 205
1153 1194
1154 875
1154 78
1154 728
1154 645
1154 1224
1154 144
1154 608
1154 133
1154 211
1154 668
1154 689
1154 9
1154 58
1154 973
1154 377
1154 757
1154 1174
1154 508
1154 212
1155 512
1155 589
1155 1065
1155 757
1155 433
1156 761
1156 330
1156 22
1157 744
1157 597
1157 478
1157 1228
1157 208
1157 837
1157 284
1157 13
1157 558
1157 5
1157 126
1157 437
1158 1109
1158 1102
1158 1009
1158 406
1158 183
1158 599
1158 795
1158 22
1158 796
1159 232
1160 583
1160 407
1160 218
1160 511
1160 453
1160 456
1161 1033
1161 845
1161 692
1161 105
1161 659
1161 1141
1161 751
1161 852
1161 361
1161 731
1161 887
1161 15
1161 732
1161 237
1161 813
1161 1073
1161 414
1161 306
1161 470
1161 483
1162 703
1162 639
1162 60
1162 1184
1162 667
1162 792
1162 270
1162 42
1162 880
1162 329
1162 547
1162 730
1162 51
1162 5
1162 186
1162 306
1162 117
1162 529
1162 1012
1162 232
1163 365
1163 651
1164 1025
1164 398
1164 241
1164 428
1164 69
1164 961
1164 389
1164 563
1164 1056
1164 602
1164 358
1164 1067
1164 83
1164 1119
1164 444
1164 807
1164 501
1164 825
1164 702
1164 143
1164 464
1164 241
1164 1020
1164 813
1164 1113
1164 774
1164 1113
1165 853
1165 1164
1166 747
1167 441
1167 99
1167 704
1167 927
1167 1013
1167 1208
1167 433
1167 707
1168 808
1169 478
1169 152
1169 867
1169 917
1169 638
1169 334
1169 82
1169 1225
1169 352
1169 193
1169 1206
1169 266
1169 1106
1169 571
1170 929
1171 114
1171 200
1171 765
1171 1010
1171 1161
1171 1038
1171 516
1171 1147
1171 509
1171 1084
1172 774
1172 1151
1172 1092
1172 1176
1172 863
1172 7
1172 631
1172 139
1172 579
1172 1137
1172 710
1172 1216
1172 561
1172 256
1172 972
1173 433
1173 765
1173 217
1173 845
1173 6
1173 1020
1173 564
1173 716
1173 1116
1174 1136
1174 187
1174 787
1174 114
1174 1086
1174 1039
1174 609
1174 181
1174 223
1174 170
1174 123
1174 1028
1176 701
1176 129
1176 777
1176 384
1176 715
1176 56
1176 120
1176 296
1176 563
1176 151
1176 988
1176 1033
1176 602
1176 64
1176 60
1176 1025
1176 563
1176 563
1176 854
1177 1206
1177 212
1177 900
1177 279
1177 601
1177 1142
1177 1051
1177 1079
1178 5
1178 114
1178 814
1178 943
1178 704
1178 768
1178 269
1179 623
1179 1206
1179 44
1179 1139
1179 689
1179 318
1179 263
1179 511
1179 430
1179 619
1179 414
1179 791
1179 323
1179 765
1179 1012
1179 1021
1180 688
1181 594
1181 494
1181 767
1181 7
1181 736
1181 64
1181 749
1182 513
1183 1126
1183 707
1183 967
1183 90
1183 901
1184 305
1184 1098
1184 384
1184 1194
1184 242
1184 58
1184 248
1184 747
1184 897
1184 205
1184 206
1185 310
1185 51
1185 808
1185 262
1185 47
1186 620
1186 262
1186 511
1186 496
1186 731
1186 651
1186 104
1186 346
1187 75
1187 728
1188 599
1189 370
1189 1154
1190 1171
1190 701
1190 72
1191 257
1191 283
1191 90
1191 361
1191 832
1191 873
1191 748
1191 64
1191 196
1191 684
1191 1025
1191 438
1191 467
1193 0
1193 76
1193 1206
1193 1172
1193 484
1193 1003
1194 234
1194 1117
1194 15
1194 334
1194 936
1194 1060
1194 808
1194 884
1194 356
1194 900
1194 1224
1194 627
1194 935
1194 29
1194 1214
1194 316
1194 554
1194 146
1194 1228
1194 5
1194 1033
1194 250
1194 41
1194 534
1194 713
1195 337
1195 122
1195 288
1195 1015
1195 84
1196 407
1196 308
1196 763
1196 490
1196 591
1196 9
1196 792
1196 1161
1196 367
1197 387
1197 539
1197 1138
1197 658
1197 232
1197 104
1197 902
1198 693
1198 563
1198 1024
1198 96
1198 403
1198 155
1198 1194
1199 1101
1199 512
1199 1104
1199 1097
1199 749
1199 325
1199 1084
1199 182
1200 1110
1200 1010
1200 7
1200 709
1201 681
1201 784
1201 151
1201 1065
1202 771
1203 1115
1203 467
1203 608
1203 968
1203 101
1203 57
1203 239
1203 174
1203 1107
1203 295
1203 105
1203 1110
1203 727
1203 746
1203 387
1203 398
1203 1056
1203 72
1203 1152
1203 1124
1203 1177
1203 926
1204 871
1204 139
1204 74
1204 151
1204 147
1204 875
1204 1203
1204 64
1204 608
1204 1079
1204 1049
1205 865
1205 42
1205 686
1205 134
1205 845
1205 187
1205 87
1205 467
1206 752
1206 932
1206 160
1206 340
1206 1203
1206 1203
1206 497
1206 599
1206 714
1206 980
1206 1013
1206 1019
1206 746
1206 310
1206 205
1206 932
1206 262
1206 419
1206 349
1206 1111
1206 1206
1206 1061
1206 451
1206 4
1206 252
1206 175
1206 516
1206 536
1206 432
1206 1169
1206 1
1207 796
1207 1127
1208 1059
1208 602
1208 160
1208 1073
1208 407
1208 1061
1208 283
1208 1161
1208 456
1208 356
1208 825
1209 347
1209 868
1209 815
1209 227
1209 551
1209 839
1210 125
1210 949
1210 230
1210 995
1210 1206
1210 369
1210 60
1210 429
1210 1038
1210 581
1210 571
1210 835
1210 782
1210 930
1210 158
1210 1020
1210 899
1210 137
1210 943
1210 1091
1210 170
1210 113
1211 650
1211 771
1211 433
1211 1098
1211 701
1212 628
1212 563
1212 1009
1212 436
1212 472
1212 386
1212 150
1212 505
1212 1198
1212 206
1212 439
1212 198
1213 1196
1214 194
1214 701
1214 1012
1214 467
1215 533
1215 430
1215 158
1215 922
1215 481
1215 658
1215 531
1215 1197
1215 963
1215 852
1215 571
1215 845
1215 1203
1216 906
1216 1210
1216 1010
1216 816
1216 1064
1216 1176
1216 93
1216 389
1216 721
1216 363
1217 1194
1217 40
1218 839
1218 1014
1218 1062
1218 1029
1218 1065
1219 416
1219 1118
1219 1074
1219 329
1219 129
1219 185
1219 1169
1219 760
1220 1004
1220 782
1220 763
1220 506
1221 1030
1221 512
1221 1138
1221 221
1221 742
1221 478
1222 448
1222 501
1222 496
1222 435
1222 484
1222 1051
1222 5
1222 37
1222 558
1222 555
1222 288
1222 791
1222 808
1222 756
1222 10
1222 976
1222 934
1222 1019
1222 1197
1222 438
1222 871
1222 311
1222 924
1223 380
1223 854
1223 157
1223 160
1223 1071
1224 915
1224 151
1224 1020
1224 480
1224 454
1224 361
1224 1169
1224 1078
1224 1225
1224 30
1224 925
1224 219
1224 663
1224 832
1224 308
1224 917
1224 880
1225 1095
1225 1125
1225 213
1225 789
1225 534
1225 806
1225 787
1225 465
1225 158
1225 559
1225 826
1225 1172
1225 901
1225 442
1225 65
1225 494
1225 1038
1225 478
1225 347
1225 1136
1226 343
1227 1106
1227 822
1227 829
1227 506
1227 1086
1227 129
1228 795
1228 504
1228 257
1228 24
1228 60
1228 700
1228 114
1228 64
1228 364
1228 591
1228 521
1228 888
1228 876
1228 809
1228 983
1228 310
1228 219
1228 1068
1228 757
1228 201
1228 1154
1228 80
1228 594
1228 752
1228 879
1228 934
1229 319
1229 321
