0 47
0 137
0 148
0 869
1 468
1 582
1 715
1 884
1 973
1 1167
2 123
2 365
2 408
2 538
2 1160
2 1216
3 56
3 225
3 406
3 490
3 619
3 1014
4 485
4 600
4 823
4 987
5 27
5 32
5 126
5 457
5 518
5 528
5 578
5 653
5 797
5 869
5 899
6 630
6 840
7 104
7 134
7 205
7 291
7 384
7 561
7 594
7 897
7 901
7 934
8 29
8 72
8 346
8 482
8 496
8 739
8 792
8 906
9 64
9 75
9 467
9 651
9 689
9 929
9 1015
9 1020
9 1033
9 1062
9 1079
9 1161
9 1206
9 1225
10 77
10 443
10 690
11 818
11 1135
12 676
12 756
13 477
13 893
13 1101
14 354
14 355
14 677
15 27
15 60
15 306
15 414
15 642
15 777
15 1006
15 1075
15 1109
15 1183
16 476
16 671
16 712
17 738
18 180
18 578
18 591
18 962
18 977
18 1003
19 49
19 328
19 1002
19 1122
20 506
20 557
20 1176
21 306
21 748
22 46
22 63
22 114
22 151
22 283
22 441
22 453
22 563
22 648
22 813
22 829
22 1136
22 1162
22 1179
23 1027
24 504
24 1199
25 170
25 307
25 572
25 857
25 1097
26 133
26 157
26 181
26 295
26 394
26 435
26 481
26 734
26 1063
27 5
27 15
27 53
27 109
27 166
27 914
27 1089
27 1119
28 835
28 1138
28 1201
29 8
29 189
29 198
29 346
29 347
29 440
29 639
29 757
29 1098
29 1124
29 1196
30 212
30 842
30 989
31 87
31 115
31 138
31 143
31 218
32 5
32 292
32 306
32 308
32 396
32 975
32 986
32 1025
32 1109
33 38
33 412
33 1120
34 487
34 617
34 752
34 769
35 477
36 491
36 734
36 1200
37 120
37 337
37 529
37 709
37 821
37 854
37 900
37 1152
38 33
39 221
39 327
39 465
39 555
39 933
39 1228
40 587
41 50
41 230
41 329
41 330
41 566
41 603
41 718
41 822
41 926
41 1064
42 407
42 414
42 704
42 972
42 1061
43 404
43 1014
44 202
44 261
44 756
44 1123
44 1222
45 192
45 348
45 931
46 22
46 283
46 441
46 453
46 512
46 524
46 563
46 576
46 669
46 1118
46 1179
47 0
47 137
47 379
47 574
47 657
47 728
47 882
47 1132
49 19
49 98
49 471
49 1002
50 41
50 509
50 566
50 655
50 873
51 644
51 835
51 1138
51 1209
52 143
52 218
52 395
52 438
52 694
52 1158
53 27
53 154
53 306
53 414
53 599
53 668
53 924
53 1021
53 1109
53 1216
54 224
54 322
54 491
54 562
54 657
54 850
54 865
54 1103
54 1132
55 387
55 606
55 691
55 935
55 1050
55 1145
56 3
56 225
56 284
56 646
56 877
56 881
56 918
57 298
57 926
57 1207
58 346
58 432
58 486
58 506
58 511
58 545
58 1042
59 541
59 978
59 1051
59 1131
59 1203
60 15
60 399
60 414
60 436
60 534
60 655
60 1003
60 1022
60 1038
60 1193
60 1220
61 215
61 1147
62 537
62 741
62 870
62 951
63 22
63 269
63 379
63 463
63 480
63 563
63 619
63 813
63 828
63 829
63 1080
63 1112
63 1118
63 1162
64 9
64 158
64 229
64 245
64 270
64 451
64 456
64 496
64 513
64 651
64 689
64 749
64 772
64 814
64 825
64 845
64 876
64 929
64 993
64 1009
64 1012
64 1020
64 1028
64 1051
64 1062
64 1086
64 1092
64 1161
64 1203
64 1225
65 181
65 438
65 832
65 1210
66 431
66 513
66 608
66 814
66 825
66 902
66 964
66 1020
66 1164
66 1174
67 141
67 255
67 406
67 462
67 509
67 638
68 158
68 513
68 520
68 651
68 689
68 749
68 802
68 814
68 853
68 902
68 925
68 1020
68 1105
68 1174
68 1204
69 775
69 797
69 899
69 1061
69 1153
70 781
71 114
71 387
71 1146
71 1179
71 1222
72 8
72 113
72 229
72 270
72 467
72 482
72 513
72 651
72 814
72 875
72 876
72 929
72 993
72 1020
72 1028
72 1030
72 1092
72 1105
72 1194
72 1206
73 296
74 1027
75 9
75 361
75 432
75 545
75 557
75 765
75 805
75 825
75 1030
75 1062
75 1225
76 115
76 121
76 438
76 576
76 1111
77 10
77 942
78 121
78 391
78 528
78 717
78 850
78 851
78 1060
78 1158
79 756
81 637
82 261
82 306
82 519
82 520
82 668
82 684
82 702
82 802
82 964
82 1139
82 1210
83 205
83 455
83 768
83 897
83 1097
84 451
84 650
84 1084
84 1196
85 722
85 921
87 31
87 609
87 770
88 97
88 461
88 864
89 285
89 352
89 365
89 367
89 538
89 774
89 832
89 961
89 1126
90 102
90 227
90 265
90 266
90 319
90 356
90 369
90 432
90 467
90 519
90 557
90 712
90 725
90 751
90 902
90 1127
90 1181
91 152
91 185
91 288
91 796
91 837
91 957
91 1081
91 1090
91 1131
92 140
92 157
92 293
92 417
92 540
92 682
92 922
92 944
92 1048
93 679
93 975
94 179
95 354
96 178
96 476
97 88
97 834
97 1000
98 49
98 945
99 180
99 235
99 308
99 365
99 396
99 538
99 560
99 787
99 1021
99 1215
100 112
100 156
101 182
101 262
101 319
101 432
101 433
101 765
101 809
101 845
101 862
101 951
101 1015
101 1030
101 1128
101 1176
102 90
102 175
102 187
102 265
102 361
102 482
102 486
102 519
102 545
102 751
102 862
102 1015
102 1074
103 880
103 1108
104 7
104 134
104 195
104 205
104 561
104 901
104 1001
104 1120
105 379
105 501
105 760
105 946
105 1191
106 345
106 711
106 984
107 498
107 504
107 514
107 994
107 1029
109 27
109 190
109 323
109 610
110 290
110 312
110 560
110 680
111 147
111 320
111 621
111 658
111 879
111 903
111 1087
111 1184
111 1212
112 100
112 480
113 72
113 160
113 757
113 875
113 1033
113 1206
114 22
114 71
114 176
114 269
114 362
114 418
114 449
114 512
114 649
114 654
114 797
114 1118
115 31
115 76
115 161
115 371
115 907
116 250
116 849
116 975
117 469
117 1130
118 939
118 997
118 1135
119 761
120 37
120 147
120 149
120 316
120 624
120 709
120 821
120 1171
120 1222
121 76
121 78
121 283
121 463
121 563
121 702
121 740
121 771
121 1118
121 1162
122 219
122 531
122 793
123 2
123 438
123 647
123 1109
124 407
124 834
124 973
124 1100
125 1037
126 5
126 176
126 329
126 343
126 649
126 779
126 797
126 986
128 724
128 881
129 306
129 457
129 487
129 558
129 619
129 731
130 501
130 1107
131 137
131 358
131 453
131 457
131 512
131 899
132 133
132 235
132 250
132 300
132 599
132 1016
132 1023
132 1125
133 26
133 132
133 150
133 235
133 370
133 413
133 583
133 664
133 1125
133 1132
134 7
134 104
134 205
134 355
134 551
134 561
134 571
134 656
134 692
134 783
134 989
135 246
135 276
135 321
135 1199
136 211
136 239
136 242
136 357
136 379
136 714
136 877
136 894
137 0
137 47
137 131
137 899
137 986
138 31
138 143
138 180
138 396
138 444
138 591
138 907
139 311
139 655
139 884
139 974
139 1064
140 92
140 325
140 407
140 417
140 550
140 682
140 732
140 943
140 944
140 958
140 1152
141 67
141 406
141 509
141 579
141 592
141 1167
142 738
143 31
143 52
143 138
143 180
143 201
144 221
144 327
144 466
144 870
144 933
144 936
145 786
145 831
145 1188
146 243
146 472
146 526
147 111
147 120
147 149
147 316
147 337
147 341
147 380
147 821
147 900
147 903
147 1222
148 0
148 463
148 1210
149 120
149 147
149 494
149 621
149 624
149 709
149 1024
149 1056
149 1059
149 1184
150 133
150 490
150 747
151 22
151 257
151 354
151 418
151 480
151 797
151 904
151 909
151 962
151 1118
151 1162
151 1179
151 1184
152 91
152 185
152 288
152 425
152 670
152 686
152 699
152 796
152 951
152 1081
152 1090
153 767
153 895
154 53
154 166
154 599
154 1119
154 1173
155 200
155 389
155 618
155 800
155 1064
155 1115
156 100
156 481
156 556
156 600
156 744
156 1154
157 26
157 92
157 181
157 680
157 715
158 64
158 68
158 193
158 373
158 448
158 451
158 467
158 482
158 689
158 725
158 845
158 929
158 993
158 1020
158 1062
158 1079
158 1086
158 1105
158 1133
158 1203
158 1204
158 1206
159 414
159 1061
160 113
160 188
160 229
160 245
160 433
160 439
160 451
160 456
160 557
160 623
160 650
160 757
160 765
160 845
160 920
160 1012
160 1074
160 1092
160 1098
161 115
161 404
162 528
162 754
162 809
163 441
163 1179
164 485
165 274
165 314
165 1089
165 1119
166 27
166 154
166 231
166 364
166 682
166 727
166 1094
166 1119
167 295
167 558
167 1013
168 606
168 619
168 780
168 994
168 1146
169 207
169 475
169 477
169 700
169 1101
170 25
170 307
170 572
170 627
170 804
170 857
170 1032
172 553
174 231
174 420
174 487
174 775
174 924
174 1021
174 1216
174 1220
175 102
175 198
175 346
175 486
175 506
175 707
175 792
175 906
175 1042
175 1127
176 114
176 126
176 457
176 806
177 744
178 96
178 844
178 1024
178 1056
178 1059
178 1102
179 94
180 18
180 99
180 138
180 143
180 194
180 444
180 704
180 1068
180 1210
181 26
181 65
181 157
181 352
181 367
181 563
181 787
181 1210
182 101
182 264
182 433
182 741
182 765
182 809
182 1015
182 1030
182 1128
183 766
183 966
183 998
183 1043
183 1177
184 703
185 91
185 152
185 288
185 349
185 368
185 383
185 425
185 451
185 586
185 686
185 749
185 839
185 876
185 1009
185 1078
185 1090
185 1110
185 1204
186 203
186 272
187 102
187 212
187 266
187 361
187 432
188 160
188 262
188 310
188 356
188 369
188 437
188 541
188 746
188 772
188 825
188 868
188 902
188 925
188 1009
188 1051
188 1062
188 1164
188 1203
189 29
189 1181
190 109
190 778
191 230
191 387
191 435
191 468
191 583
191 618
191 634
191 680
191 806
191 816
191 1064
192 45
192 247
192 400
192 983
193 158
193 448
193 513
193 651
193 725
193 749
194 180
194 259
194 311
194 449
194 510
194 605
194 652
194 704
195 104
195 307
195 1001
196 469
197 384
198 29
198 175
198 251
198 486
198 496
198 506
198 953
198 1012
198 1051
198 1092
198 1131
198 1161
198 1172
199 500
199 543
199 1008
199 1117
200 155
200 285
200 389
200 435
200 583
200 605
200 730
200 800
200 1064
200 1115
201 143
201 501
201 504
201 584
201 710
201 1029
201 1107
201 1191
202 44
202 318
202 1123
203 186
203 743
204 1037
205 7
205 83
205 104
205 134
205 291
205 355
205 455
205 594
205 627
205 763
205 768
205 804
205 826
205 842
205 857
205 888
205 901
205 934
205 939
205 976
205 980
205 1097
205 1120
205 1157
206 552
206 737
206 1147
206 1149
207 169
207 475
207 477
207 700
207 836
207 1101
208 415
208 508
208 602
208 624
208 658
208 879
208 1087
209 274
209 357
209 564
209 678
209 681
209 755
209 843
210 568
210 1165
210 1228
211 136
211 250
211 480
211 558
211 731
211 1055
211 1063
212 30
212 187
212 432
212 455
212 598
212 768
212 805
212 862
212 939
212 1015
212 1091
212 1228
213 295
213 447
213 1221
214 348
214 400
214 931
214 932
215 61
215 909
215 1147
216 234
216 252
216 444
216 534
216 581
216 752
216 777
216 798
216 1005
216 1038
217 518
217 771
218 31
218 52
218 391
218 395
218 694
218 851
218 946
218 1118
218 1136
218 1162
219 122
219 406
219 453
219 592
220 322
220 731
220 894
221 39
221 144
221 244
221 327
221 338
221 368
221 437
221 466
221 541
221 555
221 699
221 933
221 936
221 1228
223 235
223 323
223 420
223 430
223 652
223 822
223 1132
224 54
224 308
224 930
224 1061
225 3
225 56
225 509
225 634
225 736
225 884
225 918
225 1014
227 90
227 251
227 432
227 486
227 629
227 707
227 906
227 1042
227 1084
228 896
229 64
229 72
229 160
229 373
229 416
229 440
229 448
229 456
229 651
229 809
229 853
229 1028
229 1065
229 1067
229 1098
229 1161
230 41
230 191
230 255
230 435
230 468
230 512
230 758
230 948
231 166
231 174
231 421
231 858
231 926
231 1146
232 247
232 400
232 546
232 931
232 932
232 1049
232 1155
233 551
233 571
233 692
233 908
234 216
234 252
234 259
234 531
234 645
234 884
234 914
234 1005
234 1186
235 99
235 132
235 133
235 223
235 292
235 1125
235 1210
236 705
236 878
237 326
237 388
237 480
237 512
237 771
238 706
239 136
239 394
239 501
239 504
239 747
239 871
239 1071
239 1108
239 1221
240 602
240 844
241 558
241 900
241 1056
241 1059
242 136
242 714
242 1013
243 146
243 444
243 526
243 590
243 747
243 961
244 221
244 327
244 555
244 686
244 870
244 936
245 64
245 160
245 349
245 419
245 445
245 547
245 588
245 686
245 825
245 839
245 853
245 876
245 1009
245 1058
245 1194
246 135
246 321
246 669
246 1199
247 192
247 232
248 548
248 690
248 781
248 856
250 116
250 132
250 211
250 275
250 684
251 198
251 227
251 363
251 369
251 739
251 906
251 1098
251 1124
251 1127
251 1164
251 1172
251 1176
252 216
252 234
252 483
252 1005
252 1186
252 1193
253 704
253 912
253 969
254 306
254 820
254 830
254 1109
254 1210
255 67
255 230
255 873
256 300
256 401
256 620
256 774
256 782
256 995
257 151
257 498
257 512
257 702
257 771
257 946
257 1162
257 1179
258 782
258 1215
259 194
259 234
259 311
259 625
259 884
259 947
260 874
260 998
260 1177
261 44
261 82
261 687
262 101
262 188
262 319
262 361
262 433
262 437
262 506
262 557
262 608
262 623
262 765
262 825
262 845
262 902
262 964
262 1065
262 1074
262 1128
262 1176
262 1228
263 493
263 1141
264 182
264 266
264 373
264 411
264 533
264 623
264 765
264 809
264 825
264 867
264 920
264 964
264 967
264 978
264 1030
264 1203
265 90
265 102
265 319
265 369
265 411
265 486
265 712
265 751
265 862
265 964
265 1228
266 90
266 187
266 264
266 356
266 411
266 536
266 608
266 623
266 712
266 741
266 1074
266 1224
267 541
267 852
267 967
268 295
268 472
268 968
268 1006
269 63
269 114
269 283
269 386
269 563
269 1026
269 1118
270 64
270 72
270 416
270 651
270 725
270 1020
270 1028
270 1051
270 1067
270 1086
270 1105
270 1206
271 879
271 1212
272 186
272 846
273 409
273 784
273 911
273 1027
274 165
274 209
274 564
274 640
274 678
274 681
274 755
274 843
274 990
275 250
275 668
275 684
275 986
276 135
276 321
276 669
276 1199
278 564
278 640
278 730
278 1027
278 1222
279 364
279 610
279 832
279 849
279 940
279 1003
279 1025
280 300
280 871
280 1010
280 1071
280 1126
280 1160
281 469
281 565
281 569
281 945
281 1207
282 616
282 1089
282 1218
283 22
283 46
283 121
283 269
283 441
283 563
283 669
283 808
283 813
283 1061
283 1111
283 1118
283 1162
283 1179
284 56
284 430
284 635
284 736
284 877
285 89
285 200
285 442
285 800
285 829
285 1064
285 1115
285 1216
285 1219
286 1148
287 581
287 752
287 1038
287 1088
288 91
288 152
288 185
288 425
288 465
288 541
288 670
288 686
288 699
288 796
288 809
288 837
288 852
288 1081
288 1090
288 1228
289 290
289 403
289 754
289 1095
290 110
290 289
290 343
290 505
290 747
290 820
290 930
290 1107
291 7
291 205
291 455
291 561
291 826
291 901
291 934
291 939
291 976
291 1097
291 1135
292 32
292 235
292 364
292 502
292 1114
292 1145
293 92
293 574
293 719
293 754
294 838
294 1102
295 26
295 167
295 213
295 268
295 480
295 504
295 526
295 590
295 808
295 968
296 73
296 548
296 983
297 781
298 57
298 370
298 505
298 605
298 859
298 884
298 949
298 1031
299 376
299 698
299 762
299 766
299 996
300 132
300 256
300 280
300 606
301 671
301 1116
302 433
302 809
302 868
302 875
302 1030
302 1065
302 1084
303 694
303 1013
304 340
304 833
305 860
305 1099
306 15
306 21
306 32
306 53
306 82
306 129
306 254
306 538
306 668
306 748
306 832
306 1021
306 1119
306 1216
306 1222
307 25
307 170
307 195
307 572
307 1135
308 32
308 99
308 224
308 975
308 1210
308 1211
309 833
309 880
309 930
310 188
310 439
310 465
310 686
310 699
310 825
310 839
310 876
310 978
310 1051
310 1131
310 1203
311 139
311 194
311 259
311 605
311 648
311 655
311 704
311 833
311 884
311 947
311 949
311 969
312 110
312 407
312 892
312 995
312 1156
312 1159
313 671
314 165
314 1089
314 1125
315 599
315 1109
316 120
316 147
316 900
316 1024
317 517
318 202
318 756
318 1123
319 90
319 101
319 262
319 265
319 369
319 432
319 486
319 519
319 536
319 557
319 751
319 809
319 845
319 862
319 868
319 875
319 951
319 1128
319 1176
320 111
320 580
320 1087
320 1212
321 135
321 246
321 276
321 628
321 667
321 1199
322 54
322 220
322 647
322 649
322 828
323 109
323 223
323 583
324 697
324 1141
325 140
325 407
325 417
325 682
325 732
325 944
325 1048
325 1152
326 237
326 1025
326 1055
327 39
327 144
327 221
327 244
327 466
327 555
327 933
327 936
327 1073
327 1085
328 19
329 41
329 126
329 358
329 514
329 515
329 578
329 581
329 592
329 619
329 638
329 655
329 775
329 776
329 798
329 799
329 905
329 907
329 1129
330 41
330 704
330 1195
331 367
331 394
332 812
333 360
333 568
333 866
334 532
334 999
335 477
336 607
337 37
337 147
337 494
337 709
337 900
337 1024
337 1059
337 1171
338 221
338 437
340 304
340 410
340 480
340 975
341 147
341 621
341 821
341 900
341 903
341 1024
343 126
343 290
343 351
343 403
343 505
343 769
343 827
343 1061
343 1162
345 106
345 601
345 1154
346 8
346 29
346 58
346 175
346 496
346 545
346 639
346 792
346 906
346 953
346 1084
346 1127
346 1142
347 29
347 536
347 925
347 1012
347 1015
347 1098
348 45
348 214
348 400
348 931
348 983
348 1155
349 185
349 245
349 588
349 853
349 1058
349 1204
350 440
350 465
350 757
350 906
350 953
350 1065
350 1092
350 1121
351 343
351 438
351 576
351 808
351 1017
351 1112
351 1191
352 89
352 181
352 365
352 420
352 421
352 436
352 538
352 664
352 753
352 787
352 832
352 924
352 940
352 1111
352 1223
353 354
354 14
354 95
354 151
354 353
354 770
354 990
355 14
355 134
355 205
355 551
355 692
355 1097
356 90
356 188
356 266
356 361
356 369
356 432
356 536
356 712
356 725
356 1020
356 1062
356 1121
356 1164
356 1198
356 1203
356 1224
357 136
357 209
357 640
357 755
357 865
357 926
357 990
358 131
358 329
358 567
360 333
360 568
360 937
360 1129
361 75
361 102
361 187
361 262
361 356
361 411
361 433
361 506
361 536
361 689
361 746
361 765
361 792
361 805
361 862
361 868
361 929
361 1042
361 1092
361 1142
361 1176
362 114
362 453
362 501
362 1132
363 251
363 369
363 506
363 608
363 751
363 1140
363 1164
363 1176
363 1224
364 166
364 279
364 292
364 430
365 2
365 89
365 99
365 352
365 367
365 538
365 748
365 787
365 1021
365 1109
365 1216
365 1229
366 708
367 89
367 181
367 331
367 365
367 832
368 185
368 221
368 670
368 837
368 1228
369 90
369 188
369 251
369 265
369 319
369 356
369 363
369 445
369 456
369 467
369 506
369 533
369 536
369 557
369 593
369 639
369 725
369 772
369 792
369 802
369 825
369 839
369 875
369 876
369 902
369 906
369 925
369 964
369 1009
369 1020
369 1121
369 1140
369 1176
369 1198
370 133
370 298
370 430
370 509
370 693
370 1210
371 115
371 704
371 956
372 523
372 579
372 603
372 816
372 887
372 1200
373 158
373 229
373 264
373 557
373 765
373 809
373 825
373 845
373 857
373 1028
373 1030
373 1033
373 1051
373 1124
374 476
374 636
375 1136
376 299
376 766
377 393
377 567
377 1053
378 960
379 47
379 63
379 105
379 136
379 616
379 714
379 829
379 1029
380 147
380 709
380 854
380 900
380 1171
381 561
381 627
381 763
381 826
381 888
381 1197
382 407
382 995
382 1156
383 185
384 7
384 197
384 594
384 826
384 1157
385 472
385 695
385 807
385 952
385 968
385 1044
386 269
386 390
386 438
386 563
386 654
386 702
386 769
386 969
386 1026
387 55
387 71
387 191
387 435
387 449
387 453
387 619
387 649
387 677
387 771
387 806
387 859
387 1118
388 237
388 480
388 616
388 880
388 947
388 1111
388 1132
389 155
389 200
389 435
389 605
389 618
389 800
389 1115
390 386
390 702
391 78
391 218
391 549
391 851
392 661
393 377
394 26
394 239
394 331
394 501
394 1071
395 52
395 218
395 694
395 702
395 1061
395 1136
396 32
396 99
396 138
396 562
396 575
396 850
396 1047
396 1102
396 1205
398 411
398 608
398 741
398 772
398 845
398 902
398 1012
398 1128
398 1131
399 60
399 899
399 956
400 192
400 214
400 232
400 348
400 931
400 983
400 1049
401 256
401 450
401 774
401 782
401 799
401 1110
401 1215
402 858
403 289
403 343
403 1060
404 43
404 161
404 648
404 959
405 540
406 3
406 67
406 141
406 219
406 591
406 648
406 948
406 974
407 42
407 124
407 140
407 312
407 325
407 382
407 453
407 682
407 713
407 880
407 922
407 943
407 995
407 1048
408 2
409 273
409 1027
410 340
410 498
410 615
410 616
410 963
411 264
411 265
411 266
411 361
411 398
411 432
411 536
411 707
411 862
411 1012
411 1074
411 1142
412 33
413 133
413 653
413 701
413 730
414 15
414 42
414 53
414 60
414 159
414 534
414 601
414 642
414 680
414 914
414 1183
414 1216
415 208
415 508
415 658
415 1087
415 1212
416 229
416 270
416 456
416 513
416 689
416 749
416 1028
416 1033
416 1067
416 1086
416 1105
416 1161
416 1206
417 92
417 140
417 325
417 550
417 682
417 943
417 944
417 954
417 1048
417 1152
418 114
418 151
418 521
418 779
419 245
419 547
419 1058
420 174
420 223
420 352
420 668
420 721
420 924
420 1210
420 1222
421 231
421 352
421 615
421 753
422 729
422 1189
423 1214
425 152
425 185
425 288
425 541
425 670
425 699
425 796
425 837
425 852
425 957
425 1081
425 1090
425 1228
426 532
427 890
428 500
428 1008
428 1227
429 660
429 1148
430 223
430 284
430 364
430 370
430 592
430 635
430 693
430 1093
430 1118
430 1220
431 66
431 467
431 482
431 536
431 608
431 867
431 1020
431 1074
432 58
432 75
432 90
432 101
432 187
432 212
432 227
432 319
432 356
432 411
432 433
432 455
432 467
432 484
432 486
432 496
432 520
432 536
432 557
432 572
432 656
432 707
432 746
432 768
432 792
432 805
432 845
432 862
432 929
432 1030
432 1042
432 1065
432 1121
432 1225
433 101
433 160
433 182
433 262
433 302
433 361
433 432
433 513
433 712
433 741
433 757
433 795
433 805
433 809
433 825
433 845
433 875
433 902
433 953
433 978
433 1015
433 1030
433 1079
433 1092
433 1176
433 1225
434 895
434 1011
435 26
435 191
435 200
435 230
435 387
435 389
435 502
435 619
435 634
435 1219
436 60
436 352
436 495
436 642
436 715
436 787
436 849
436 1007
436 1102
436 1216
437 188
437 221
437 262
437 338
437 465
437 795
438 52
438 65
438 76
438 123
438 351
438 386
438 563
438 576
438 1112
439 160
439 310
439 541
439 686
439 933
439 978
439 1073
439 1181
439 1194
440 29
440 229
440 350
440 484
440 757
440 906
440 1033
440 1196
441 22
441 46
441 163
441 283
441 453
441 563
441 589
441 740
441 940
441 1118
441 1179
442 285
443 10
443 542
443 690
444 138
444 180
444 216
444 243
444 526
444 591
444 1038
444 1050
444 1111
445 245
445 369
445 547
445 825
445 853
445 876
446 952
447 213
447 504
447 1191
448 158
448 193
448 229
448 557
448 725
448 765
448 809
448 1033
448 1065
448 1105
448 1121
448 1225
449 114
449 194
449 387
449 453
449 619
449 704
449 758
449 859
449 880
449 1102
449 1179
450 401
450 470
450 677
450 774
450 782
450 799
450 833
450 1215
451 64
451 84
451 158
451 160
451 185
451 456
451 650
451 651
451 792
451 1098
452 790
453 22
453 46
453 131
453 219
453 362
453 387
453 407
453 441
453 449
453 512
453 563
453 1118
453 1179
454 843
454 865
455 83
455 205
455 212
455 291
455 432
455 598
455 763
455 768
455 804
455 826
455 842
455 888
455 934
455 976
455 1097
456 64
456 160
456 229
456 369
456 416
456 451
456 547
456 651
456 725
456 741
456 929
456 1020
456 1028
456 1086
456 1105
456 1133
456 1196
456 1206
456 1225
457 5
457 129
457 131
457 176
457 487
457 986
457 1109
458 973
461 88
461 747
461 774
461 1126
461 1136
461 1160
462 67
462 540
462 638
462 914
462 1050
462 1167
463 63
463 121
463 148
463 563
463 702
463 813
463 1080
464 516
464 600
464 604
464 744
464 841
464 860
464 861
464 981
464 1154
465 39
465 288
465 310
465 350
465 437
465 541
465 608
465 735
465 852
465 978
465 1073
465 1074
465 1228
466 144
466 221
466 327
466 659
466 870
466 933
466 936
466 1073
467 9
467 72
467 90
467 158
467 369
467 431
467 432
467 482
467 506
467 513
467 536
467 751
467 814
467 867
467 875
467 929
467 1012
467 1020
467 1030
467 1062
467 1074
467 1133
467 1164
467 1174
467 1176
467 1194
467 1204
467 1206
467 1224
467 1228
468 1
468 191
468 230
468 810
469 117
469 196
469 281
469 548
470 450
470 774
470 1110
470 1215
471 49
472 146
472 268
472 385
472 580
472 616
472 807
472 905
472 968
472 1006
473 855
473 1143
474 930
475 169
475 207
475 477
475 479
475 700
475 1101
476 16
476 96
476 374
476 503
477 13
477 35
477 169
477 207
477 335
477 475
477 479
477 700
477 893
478 494
478 558
478 621
478 624
478 709
478 854
478 1056
478 1059
478 1171
478 1222
479 475
479 477
480 63
480 112
480 151
480 211
480 237
480 295
480 340
480 388
480 490
480 498
480 501
480 616
480 694
480 710
480 776
480 816
480 928
480 961
480 1055
480 1109
481 26
481 156
481 581
481 601
481 683
481 887
481 1045
482 8
482 72
482 102
482 158
482 431
482 467
482 814
482 1133
483 252
483 833
483 914
484 432
484 440
484 496
484 639
484 757
484 906
484 953
484 1042
484 1084
485 4
485 164
485 617
486 58
486 102
486 175
486 198
486 227
486 265
486 319
486 432
486 496
486 511
486 533
486 805
486 862
486 1015
486 1020
486 1030
486 1042
486 1098
487 34
487 129
487 174
487 457
487 727
487 758
487 1102
487 1111
487 1119
487 1210
490 3
490 150
490 480
490 710
490 1029
491 36
491 54
491 894
491 1021
491 1031
492 548
493 263
493 690
493 697
493 1141
494 149
494 337
494 478
494 529
494 621
494 624
494 709
494 854
494 900
494 1184
494 1222
495 436
495 1218
496 8
496 64
496 198
496 346
496 432
496 484
496 486
496 511
496 639
496 739
496 792
496 875
496 929
496 939
496 1042
496 1079
496 1084
496 1086
496 1098
496 1127
496 1172
497 1031
498 107
498 257
498 410
498 480
498 504
498 816
498 975
498 994
498 1061
498 1178
498 1191
498 1223
499 757
500 199
500 428
500 543
500 1117
500 1227
501 105
501 130
501 201
501 239
501 362
501 394
501 480
501 527
501 865
501 871
501 946
501 994
501 1108
502 292
502 435
502 592
502 1179
503 476
504 24
504 107
504 201
504 239
504 295
504 447
504 498
504 560
504 603
504 834
504 864
504 1107
504 1109
504 1191
505 290
505 298
505 343
505 851
505 1026
506 20
506 58
506 175
506 198
506 262
506 361
506 363
506 369
506 467
506 608
506 707
506 1012
506 1042
506 1074
506 1127
506 1142
506 1164
506 1169
506 1224
507 985
508 208
508 415
508 602
508 1087
508 1143
508 1212
509 50
509 67
509 141
509 225
509 370
509 935
509 1080
510 194
511 58
511 486
511 496
511 639
511 1042
511 1098
511 1127
511 1172
512 46
512 114
512 131
512 230
512 237
512 257
512 453
512 649
512 771
512 859
512 1118
513 64
513 66
513 68
513 72
513 193
513 416
513 433
513 467
513 651
513 689
513 725
513 825
513 839
513 875
513 929
513 993
513 1009
513 1012
513 1051
513 1067
513 1074
513 1086
513 1161
513 1194
514 107
514 329
514 760
514 794
514 813
514 1029
514 1136
515 329
515 775
516 464
516 556
516 604
516 628
516 696
516 716
516 744
516 860
516 873
516 956
516 981
516 1154
517 317
517 722
517 756
517 950
518 5
518 217
518 727
518 787
518 899
519 82
519 90
519 102
519 319
519 545
519 964
520 68
520 82
520 432
520 746
520 802
520 868
520 1204
521 418
521 577
521 649
521 865
521 949
521 1034
523 372
523 603
523 1200
524 46
524 549
524 851
525 712
525 752
526 146
526 243
526 295
526 444
526 609
527 501
527 668
527 731
527 986
527 1017
527 1139
528 5
528 78
528 162
528 657
528 1195
528 1205
529 37
529 494
529 621
529 624
529 854
529 903
529 1056
529 1171
529 1184
531 122
531 234
531 1005
531 1186
532 334
532 426
533 264
533 369
533 486
533 772
533 876
533 902
533 906
533 1198
533 1224
534 60
534 216
534 414
534 642
534 752
534 1007
534 1038
534 1193
535 927
536 266
536 319
536 347
536 356
536 361
536 369
536 411
536 431
536 432
536 467
536 623
536 746
536 825
536 925
536 1020
536 1164
537 62
537 670
537 870
537 951
537 1073
537 1139
537 1222
537 1228
538 2
538 89
538 99
538 306
538 352
538 365
538 748
538 787
538 1109
539 791
540 92
540 405
540 462
540 552
540 713
540 922
540 1050
541 59
541 188
541 221
541 267
541 288
541 425
541 439
541 465
541 686
541 876
542 443
542 690
543 199
543 500
543 1008
543 1117
543 1227
544 819
545 58
545 75
545 102
545 346
545 519
545 739
545 1015
546 232
546 742
547 245
547 419
547 445
547 456
547 686
547 876
548 248
548 296
548 469
548 492
549 391
549 524
549 851
549 1136
550 140
550 417
550 943
551 134
551 233
551 355
551 692
551 901
551 989
551 1091
551 1097
552 206
552 540
552 562
552 563
553 172
554 928
555 39
555 221
555 244
555 327
555 1073
556 156
556 516
556 744
556 954
556 1014
556 1099
556 1154
557 20
557 75
557 90
557 160
557 262
557 319
557 369
557 373
557 432
557 448
557 765
557 845
557 868
557 875
557 925
557 929
557 957
557 1015
557 1030
557 1065
557 1121
557 1176
558 129
558 167
558 211
558 241
558 478
558 780
558 864
558 1109
559 1004
560 99
560 110
560 504
560 715
560 1215
561 7
561 104
561 134
561 291
561 381
561 768
561 888
561 1097
562 54
562 396
562 552
562 575
562 832
562 850
563 22
563 46
563 63
563 121
563 181
563 269
563 283
563 386
563 438
563 441
563 453
563 463
563 552
563 720
563 769
563 785
563 832
563 1118
563 1162
563 1173
563 1179
564 209
564 274
564 278
564 678
564 681
564 755
564 843
564 986
565 281
566 41
566 50
566 603
566 873
566 887
567 358
567 377
568 210
568 333
568 360
569 281
569 1011
571 134
571 233
571 598
571 842
571 897
571 908
571 976
571 1032
571 1157
572 25
572 170
572 307
572 432
572 818
572 965
573 674
573 985
574 47
574 293
574 719
575 396
575 562
575 715
575 764
575 850
576 46
576 76
576 351
576 438
576 1010
576 1026
577 521
578 5
578 18
578 329
578 717
578 850
578 986
578 1016
579 141
579 372
580 320
580 472
580 695
580 968
581 216
581 287
581 329
581 481
581 752
581 863
581 1038
581 1129
581 1154
582 1
582 740
582 940
583 133
583 191
583 200
583 323
583 974
583 1125
583 1210
584 201
584 710
584 930
584 961
585 1027
586 185
586 1090
586 1228
587 40
587 626
588 245
588 349
588 1058
589 441
589 740
590 243
590 295
590 844
591 18
591 138
591 406
591 444
591 647
591 1003
591 1154
592 141
592 219
592 329
592 430
592 502
592 673
593 369
593 876
594 7
594 205
594 384
594 826
594 939
594 965
594 1157
595 612
595 636
596 967
597 1117
597 1227
598 212
598 455
598 571
598 627
598 1097
599 53
599 132
599 154
599 315
599 668
599 684
599 740
599 1017
600 4
600 156
600 464
600 604
600 628
600 696
600 841
600 860
600 971
600 981
601 345
601 414
601 481
601 823
602 208
602 240
602 508
602 621
602 658
602 844
602 879
602 900
602 1024
602 1087
602 1102
602 1212
603 41
603 372
603 504
603 523
603 566
603 648
603 816
603 884
603 887
603 1022
604 464
604 516
604 600
604 677
604 731
604 744
604 861
604 1154
605 194
605 200
605 298
605 311
605 389
605 652
605 948
606 55
606 168
606 300
606 619
607 336
607 915
607 999
608 66
608 262
608 266
608 363
608 398
608 431
608 465
608 506
608 623
608 651
608 814
608 825
608 967
608 1012
608 1020
608 1074
608 1174
608 1228
609 87
609 526
609 834
610 109
610 279
611 988
612 595
614 992
615 410
615 421
615 625
615 880
616 282
616 379
616 388
616 410
616 472
616 480
616 750
616 758
616 813
616 1061
616 1111
617 34
617 485
618 155
618 191
618 389
618 800
618 1115
619 3
619 63
619 129
619 168
619 329
619 387
619 435
619 449
619 606
619 724
619 813
619 1080
620 256
620 774
620 782
620 799
620 995
621 111
621 149
621 341
621 478
621 494
621 529
621 602
621 624
621 709
621 854
621 903
621 1024
621 1184
621 1208
621 1222
623 160
623 262
623 264
623 266
623 536
623 608
623 639
623 712
623 741
623 802
623 845
623 902
623 967
623 1074
623 1203
623 1224
624 120
624 149
624 208
624 478
624 494
624 529
624 621
624 709
624 854
624 900
624 903
624 1056
624 1059
624 1184
624 1208
624 1222
625 259
625 615
625 704
626 587
627 170
627 205
627 381
627 598
627 768
627 857
627 1066
628 321
628 516
628 600
628 696
628 841
628 860
628 861
628 971
628 981
628 1014
629 227
629 993
629 1079
629 1127
629 1172
630 6
630 840
631 833
633 830
634 191
634 225
634 435
634 1190
635 284
635 430
635 736
635 877
635 1019
635 1038
636 374
636 595
637 81
637 726
638 67
638 329
638 462
638 655
638 721
638 1106
638 1167
639 29
639 346
639 369
639 484
639 496
639 511
639 623
639 746
639 802
639 902
639 1030
639 1124
639 1169
640 274
640 278
640 357
640 1027
642 15
642 414
642 436
642 534
642 1114
643 645
643 914
644 51
644 835
644 917
644 1138
645 234
645 643
645 863
645 914
645 1005
645 1083
645 1186
646 56
646 882
647 123
647 322
647 591
648 22
648 311
648 404
648 406
648 603
648 655
648 829
648 884
648 1219
649 114
649 126
649 322
649 387
649 512
649 521
649 824
649 1179
650 84
650 160
650 451
650 707
651 9
651 64
651 68
651 72
651 193
651 229
651 270
651 451
651 456
651 513
651 608
651 686
651 689
651 725
651 925
651 929
651 1028
651 1051
651 1067
651 1086
651 1092
651 1133
651 1174
651 1194
651 1206
651 1225
652 194
652 223
652 605
652 1055
653 5
653 413
653 677
653 986
654 114
654 386
654 859
655 50
655 60
655 139
655 311
655 329
655 638
655 648
655 884
655 1064
655 1167
655 1219
656 134
656 432
656 939
656 1097
657 47
657 54
657 528
658 111
658 208
658 415
658 602
658 1087
658 1212
659 466
659 870
659 936
659 978
659 1073
659 1131
660 429
660 891
660 1148
661 392
662 723
662 1138
662 1201
663 1189
664 133
664 352
664 677
664 924
664 1125
665 732
665 823
667 321
668 53
668 82
668 275
668 306
668 420
668 527
668 599
668 731
668 962
668 986
668 1017
668 1109
668 1119
668 1139
669 46
669 246
669 276
669 283
669 1199
670 152
670 288
670 368
670 425
670 537
670 699
670 764
670 796
670 957
670 1228
671 16
671 301
671 313
671 1113
671 1116
673 592
673 873
674 573
675 747
676 12
677 14
677 387
677 450
677 604
677 653
677 664
677 736
677 1068
678 209
678 274
678 564
678 693
678 728
678 843
679 93
679 747
679 1158
680 110
680 157
680 191
680 414
680 806
680 1094
680 1102
681 209
681 274
681 564
681 755
681 843
681 1145
682 92
682 140
682 166
682 325
682 407
682 417
682 816
682 909
682 943
682 1214
683 481
683 990
683 1045
684 82
684 250
684 275
684 599
684 977
685 1182
686 152
686 185
686 244
686 245
686 288
686 310
686 439
686 541
686 547
686 651
686 852
686 1073
686 1228
687 261
688 808
688 1040
688 1100
688 1187
689 9
689 64
689 68
689 158
689 361
689 416
689 513
689 651
689 746
689 749
689 929
689 1020
689 1028
689 1033
689 1062
689 1078
689 1079
689 1105
689 1133
689 1161
689 1194
689 1203
690 10
690 248
690 443
690 493
690 542
691 55
691 760
692 134
692 233
692 355
692 551
692 1202
693 370
693 430
693 678
693 728
693 907
694 52
694 218
694 303
694 395
694 480
694 702
694 827
694 1136
695 385
695 580
695 731
695 807
695 952
695 968
696 516
696 600
696 628
696 744
696 860
696 861
696 981
696 1099
696 1154
697 324
697 493
697 1046
697 1141
698 299
698 927
698 1137
699 152
699 221
699 288
699 310
699 425
699 670
699 809
699 1009
700 169
700 207
700 475
700 477
700 836
700 893
701 413
701 797
701 907
702 82
702 121
702 257
702 386
702 390
702 395
702 463
702 694
702 894
702 1162
702 1178
703 184
704 42
704 180
704 194
704 253
704 311
704 330
704 371
704 449
704 625
704 914
705 236
706 238
707 175
707 227
707 411
707 432
707 506
707 650
707 739
707 1098
707 1124
708 366
708 1113
709 37
709 120
709 149
709 337
709 380
709 478
709 494
709 621
709 624
709 821
709 854
709 900
709 1056
709 1171
709 1208
710 201
710 480
710 490
710 584
710 717
710 1025
711 106
711 822
711 1038
711 1088
712 16
712 90
712 265
712 266
712 356
712 433
712 525
712 623
712 725
712 902
712 1164
712 1224
713 407
713 540
713 778
713 922
713 1163
714 136
714 242
714 379
714 894
714 1017
714 1029
715 1
715 157
715 436
715 560
715 575
715 764
715 1167
716 516
717 78
717 578
717 710
717 750
717 940
717 970
717 1093
717 1158
718 41
719 293
719 574
719 754
720 563
720 827
721 420
721 638
721 880
721 1106
722 85
722 517
723 662
723 835
723 917
723 1209
724 128
724 619
724 970
725 90
725 158
725 193
725 270
725 356
725 369
725 448
725 456
725 513
725 651
725 712
725 749
725 876
725 957
725 1086
725 1092
725 1164
725 1206
725 1224
726 637
727 166
727 487
727 518
727 1003
727 1195
727 1205
728 47
728 678
728 693
728 754
728 926
729 422
730 200
730 278
730 413
730 791
731 129
731 211
731 220
731 527
731 604
731 668
731 695
731 871
731 1111
732 140
732 325
732 665
732 943
734 26
734 36
735 465
735 796
735 802
736 225
736 284
736 635
736 677
736 806
736 877
736 1019
737 206
738 17
738 142
739 8
739 251
739 496
739 545
739 707
739 792
739 1098
739 1172
739 1196
740 121
740 441
740 582
740 589
740 599
741 62
741 182
741 266
741 398
741 433
741 456
741 623
741 765
741 845
741 1012
741 1128
742 546
742 931
742 1155
742 1217
743 203
743 792
743 846
744 156
744 177
744 464
744 516
744 556
744 604
744 696
744 861
744 1154
745 835
746 188
746 361
746 432
746 520
746 536
746 639
746 689
746 867
746 964
746 1020
746 1092
746 1164
746 1181
747 150
747 239
747 243
747 290
747 461
747 675
747 679
747 1158
747 1173
747 1185
748 21
748 306
748 365
748 538
748 832
748 898
748 1021
749 64
749 68
749 185
749 193
749 416
749 689
749 725
749 825
749 876
749 929
749 993
749 1012
749 1020
749 1051
749 1062
749 1133
749 1206
750 616
750 717
750 1111
751 90
751 102
751 265
751 319
751 363
751 467
751 964
751 1012
751 1164
752 34
752 216
752 287
752 525
752 534
752 581
752 1129
752 1218
753 352
753 421
754 162
754 289
754 293
754 719
754 728
754 948
754 969
755 209
755 274
755 357
755 564
755 681
755 843
756 12
756 44
756 79
756 318
756 517
757 29
757 113
757 160
757 350
757 433
757 440
757 484
757 499
757 765
757 825
757 853
757 1065
757 1206
758 230
758 449
758 487
758 616
758 1111
759 916
760 105
760 514
760 691
760 776
760 829
760 1010
760 1118
760 1200
761 119
762 299
762 1137
762 1177
763 205
763 381
763 455
763 826
763 857
763 1120
764 575
764 670
764 715
765 75
765 101
765 160
765 182
765 262
765 264
765 361
765 373
765 448
765 557
765 741
765 757
765 772
765 825
765 845
765 875
765 920
765 964
765 967
765 978
765 1030
765 1079
765 1092
765 1128
765 1161
765 1176
765 1194
766 183
766 299
766 376
766 1043
766 1137
766 1177
767 153
768 83
768 205
768 212
768 432
768 455
768 561
768 627
768 805
768 826
768 857
768 888
768 934
768 939
768 976
768 980
768 1091
768 1097
768 1157
768 1197
769 34
769 343
769 386
769 563
769 1112
770 87
770 354
770 962
771 121
771 217
771 237
771 257
771 387
771 512
771 949
771 1003
771 1080
772 64
772 188
772 369
772 398
772 533
772 765
772 825
772 845
772 876
772 902
772 1012
772 1033
772 1164
774 89
774 256
774 401
774 450
774 461
774 470
774 620
774 782
774 788
775 69
775 174
775 329
775 515
775 797
775 869
775 1153
775 1173
775 1205
776 329
776 480
776 760
776 949
777 15
777 216
777 914
777 1005
777 1038
778 190
778 713
778 1163
778 1166
779 126
779 418
780 168
780 558
780 806
780 1003
780 1100
780 1109
781 70
781 248
781 297
782 256
782 258
782 401
782 450
782 620
782 774
782 847
782 995
782 1215
783 134
783 976
784 273
784 1027
785 563
785 1109
786 145
786 999
787 99
787 181
787 352
787 365
787 436
787 518
787 538
787 832
787 850
787 941
787 1021
787 1103
788 774
788 799
788 847
788 995
788 1077
788 1146
788 1215
789 994
789 1057
790 452
790 822
791 539
791 730
791 823
791 944
791 1208
792 8
792 175
792 346
792 361
792 369
792 432
792 451
792 496
792 739
792 743
792 1127
792 1164
793 122
793 1060
794 514
794 1185
794 1221
795 433
795 437
795 825
795 845
795 902
795 1012
795 1079
795 1131
796 91
796 152
796 288
796 425
796 670
796 735
796 837
796 852
796 1090
797 5
797 69
797 114
797 126
797 151
797 701
797 775
797 869
797 899
798 216
798 329
798 873
798 1038
798 1168
799 329
799 401
799 450
799 620
799 788
800 155
800 200
800 285
800 389
800 618
801 816
801 1102
802 68
802 82
802 369
802 520
802 623
802 639
802 735
802 902
802 964
802 1164
803 1103
804 170
804 205
804 455
804 826
804 857
804 997
805 75
805 212
805 361
805 432
805 433
805 486
805 768
805 809
805 862
805 1030
805 1065
805 1161
806 176
806 191
806 387
806 680
806 736
806 780
806 1102
807 385
807 472
807 695
807 952
807 968
807 1219
808 283
808 295
808 351
808 688
808 829
808 865
808 880
808 1107
809 101
809 162
809 182
809 229
809 264
809 288
809 302
809 319
809 373
809 433
809 448
809 699
809 805
809 845
809 1030
809 1065
809 1121
809 1128
809 1176
810 468
811 923
811 966
812 332
813 22
813 63
813 283
813 463
813 514
813 616
813 619
813 1158
814 64
814 66
814 68
814 72
814 467
814 482
814 608
814 1020
814 1051
814 1062
814 1074
814 1078
814 1092
814 1174
815 968
815 1000
816 191
816 372
816 480
816 498
816 603
816 682
816 801
816 959
816 1223
817 885
818 11
818 572
818 842
819 544
820 254
820 290
820 930
820 1010
821 37
821 120
821 147
821 341
821 709
821 1222
822 41
822 223
822 711
822 790
823 4
823 601
823 665
823 791
823 987
823 1007
823 1018
824 649
825 64
825 66
825 75
825 188
825 245
825 262
825 264
825 310
825 369
825 373
825 433
825 445
825 513
825 536
825 608
825 749
825 757
825 765
825 772
825 795
825 839
825 845
825 867
825 868
825 876
825 902
825 957
825 1051
825 1062
825 1074
825 1079
825 1110
825 1161
825 1181
825 1194
825 1228
826 205
826 291
826 381
826 384
826 455
826 594
826 763
826 768
826 804
826 857
826 1120
827 343
827 694
827 720
827 1013
828 63
828 322
829 22
829 63
829 285
829 379
829 648
829 760
829 808
829 884
829 1019
829 1162
829 1219
830 254
830 633
831 145
832 65
832 89
832 279
832 306
832 352
832 367
832 562
832 563
832 748
832 787
832 849
832 940
833 304
833 309
833 311
833 450
833 483
833 631
833 1095
834 97
834 124
834 504
834 609
834 1109
835 28
835 51
835 644
835 723
835 745
835 917
835 1209
836 207
836 700
836 1101
837 91
837 288
837 368
837 425
837 796
837 852
837 1081
837 1090
838 294
838 1005
839 185
839 245
839 310
839 369
839 513
839 825
839 1009
839 1020
839 1051
839 1062
839 1098
840 6
840 630
841 464
841 600
841 628
841 861
841 981
841 1099
841 1154
842 30
842 205
842 455
842 571
842 818
842 1032
843 209
843 274
843 454
843 564
843 678
843 681
843 755
843 990
844 178
844 240
844 590
844 602
845 64
845 101
845 158
845 160
845 262
845 319
845 373
845 398
845 432
845 433
845 557
845 623
845 741
845 765
845 772
845 795
845 809
845 825
845 875
845 902
845 929
845 957
845 993
845 1012
845 1030
845 1065
845 1128
845 1225
846 272
846 743
847 782
847 788
847 986
847 995
847 1055
848 946
848 1026
848 1191
849 116
849 279
849 436
849 832
849 1000
849 1103
849 1183
850 54
850 78
850 396
850 562
850 575
850 578
850 787
851 78
851 218
851 391
851 505
851 524
851 549
851 858
852 267
852 288
852 425
852 465
852 686
852 796
852 837
852 876
852 1081
852 1228
853 68
853 229
853 245
853 349
853 445
853 757
853 1204
853 1224
854 37
854 380
854 478
854 494
854 529
854 621
854 624
854 709
854 1024
854 1056
854 1171
854 1208
854 1222
855 473
855 866
855 1044
856 248
857 25
857 170
857 205
857 373
857 627
857 763
857 768
857 804
857 826
857 888
857 1210
858 231
858 402
858 851
859 298
859 387
859 449
859 512
859 654
859 1031
860 305
860 464
860 516
860 600
860 628
860 696
860 981
860 1099
861 464
861 604
861 628
861 696
861 744
861 841
861 981
861 1099
862 101
862 102
862 212
862 265
862 319
862 361
862 411
862 432
862 486
862 805
862 1015
862 1142
863 581
863 645
863 1018
864 88
864 504
864 558
865 54
865 357
865 454
865 501
865 521
865 808
865 949
865 1136
866 333
866 855
866 922
867 264
867 431
867 467
867 746
867 825
867 1009
867 1012
867 1051
867 1074
867 1203
868 188
868 302
868 319
868 361
868 520
868 557
868 825
869 0
869 5
869 775
869 797
869 894
869 1125
870 62
870 144
870 244
870 466
870 537
870 659
870 936
870 1085
871 239
871 280
871 501
871 731
871 1108
873 50
873 255
873 516
873 566
873 673
873 798
874 260
874 1072
875 72
875 113
875 302
875 319
875 369
875 433
875 467
875 496
875 513
875 557
875 765
875 845
875 1121
875 1128
875 1225
876 64
876 72
876 185
876 245
876 310
876 369
876 445
876 533
876 541
876 547
876 593
876 725
876 749
876 772
876 825
876 852
876 902
876 920
876 929
876 1051
876 1098
876 1164
876 1181
876 1194
876 1224
877 56
877 136
877 284
877 635
877 736
877 1019
878 236
879 111
879 208
879 271
879 602
879 1087
880 103
880 309
880 388
880 407
880 449
880 615
880 721
880 808
880 963
880 1119
880 1229
881 56
881 128
882 47
882 646
882 987
882 1050
883 998
884 1
884 139
884 225
884 234
884 259
884 298
884 311
884 603
884 648
884 655
884 829
884 974
884 1064
884 1145
884 1219
885 817
886 952
887 372
887 481
887 566
887 603
888 205
888 381
888 455
888 561
888 768
888 857
888 934
888 976
888 980
888 1097
888 1197
889 1014
890 427
891 660
891 1148
892 312
893 13
893 477
893 700
893 1101
894 136
894 220
894 491
894 702
894 714
894 869
895 153
895 434
896 228
897 7
897 83
897 571
897 901
897 980
897 1157
898 748
899 5
899 69
899 131
899 137
899 399
899 518
899 797
899 956
899 962
899 1153
900 37
900 147
900 241
900 316
900 337
900 341
900 380
900 494
900 602
900 624
900 709
900 903
900 1056
900 1222
901 7
901 104
901 205
901 291
901 551
901 897
901 939
901 1001
901 1196
902 66
902 68
902 90
902 188
902 262
902 369
902 398
902 433
902 533
902 623
902 639
902 712
902 772
902 795
902 802
902 825
902 845
902 876
902 1012
902 1020
902 1074
902 1128
902 1131
902 1164
903 111
903 147
903 341
903 529
903 621
903 624
903 900
903 1056
903 1059
903 1171
903 1212
904 151
904 1070
905 329
905 472
905 968
905 1109
906 8
906 175
906 227
906 251
906 346
906 350
906 369
906 440
906 484
906 533
906 1121
906 1228
907 115
907 138
907 329
907 693
907 701
907 909
907 1115
908 233
908 571
909 151
909 215
909 682
909 907
910 1102
911 273
912 253
912 987
914 27
914 234
914 414
914 462
914 483
914 643
914 645
914 704
914 777
914 1005
914 1018
914 1022
914 1136
914 1186
914 1193
915 607
916 759
917 644
917 723
917 835
917 1209
918 56
918 225
918 1213
920 160
920 264
920 765
920 876
920 1065
920 1161
920 1194
921 85
922 92
922 407
922 540
922 713
922 866
922 977
923 811
923 966
924 53
924 174
924 352
924 420
924 664
924 1021
924 1183
925 68
925 188
925 347
925 369
925 536
925 557
925 651
925 929
925 1020
925 1062
925 1079
925 1164
926 41
926 57
926 231
926 357
926 728
927 535
927 698
928 480
928 554
928 1158
929 9
929 64
929 72
929 158
929 361
929 432
929 456
929 467
929 496
929 513
929 557
929 651
929 689
929 749
929 845
929 876
929 925
929 1009
929 1020
929 1033
929 1092
929 1105
929 1194
929 1206
930 224
930 290
930 309
930 474
930 584
930 820
930 1061
930 1107
930 1126
930 1191
931 45
931 214
931 232
931 348
931 400
931 742
931 1049
932 214
932 232
932 1049
933 39
933 144
933 221
933 327
933 439
933 466
934 7
934 205
934 291
934 455
934 768
934 888
934 1197
935 55
935 509
935 1102
936 144
936 221
936 244
936 327
936 466
936 659
936 870
936 1085
937 360
937 1165
937 1218
938 974
938 1007
939 118
939 205
939 212
939 291
939 496
939 594
939 656
939 768
939 901
939 976
939 980
939 1097
939 1197
940 279
940 352
940 441
940 582
940 717
940 832
941 787
941 1132
942 77
942 1150
943 140
943 407
943 417
943 550
943 682
943 732
943 944
944 92
944 140
944 325
944 417
944 791
944 943
945 98
945 281
946 105
946 218
946 257
946 501
946 848
946 1025
946 1136
946 1178
947 259
947 311
947 388
948 230
948 406
948 605
948 754
948 974
949 298
949 311
949 521
949 771
949 776
949 865
950 517
951 62
951 101
951 152
951 319
951 537
951 964
952 385
952 446
952 695
952 807
952 886
952 968
953 198
953 346
953 350
953 433
953 484
953 1042
953 1084
953 1092
953 1131
953 1169
953 1172
953 1224
954 417
954 556
955 1173
956 371
956 399
956 516
956 899
956 1153
957 91
957 425
957 557
957 670
957 725
957 825
957 845
957 993
958 140
959 404
959 816
960 378
961 89
961 243
961 480
961 584
961 1162
962 18
962 151
962 668
962 770
962 899
962 972
962 1178
963 410
963 880
963 1173
964 66
964 82
964 262
964 264
964 265
964 369
964 519
964 746
964 751
964 765
964 802
964 951
964 978
964 1131
964 1161
964 1164
964 1203
965 572
965 594
966 183
966 811
966 923
966 998
966 1043
966 1137
966 1177
967 264
967 267
967 596
967 608
967 623
967 765
967 1074
967 1203
968 268
968 295
968 385
968 472
968 580
968 695
968 807
968 815
968 905
968 952
969 253
969 311
969 386
969 754
970 717
970 724
970 1093
971 600
971 628
971 981
971 1048
972 42
972 962
972 1019
972 1061
972 1102
972 1178
973 1
973 124
973 458
973 1143
974 139
974 406
974 583
974 884
974 938
974 948
974 1034
975 32
975 93
975 116
975 308
975 340
975 498
976 205
976 291
976 455
976 571
976 768
976 783
976 888
976 939
976 1097
977 18
977 684
977 922
977 1031
978 59
978 264
978 310
978 433
978 439
978 465
978 659
978 765
978 964
978 1073
978 1128
978 1131
979 1144
980 205
980 768
980 888
980 897
980 939
980 1097
981 464
981 516
981 600
981 628
981 696
981 841
981 860
981 861
981 971
981 1154
982 1068
982 1083
982 1152
983 192
983 296
983 348
983 400
983 1155
984 106
985 507
985 573
986 32
986 126
986 137
986 275
986 457
986 527
986 564
986 578
986 653
986 668
986 847
986 1017
986 1109
986 1210
987 4
987 823
987 882
987 912
987 1082
988 611
989 30
989 134
989 551
990 274
990 354
990 357
990 683
990 843
992 614
993 64
993 72
993 158
993 513
993 629
993 749
993 845
993 957
993 1051
993 1086
993 1181
993 1206
994 107
994 168
994 498
994 501
994 789
994 1223
995 256
995 312
995 382
995 407
995 620
995 782
995 788
995 847
995 1156
995 1215
996 299
997 118
997 804
998 183
998 260
998 883
998 966
998 1137
998 1177
999 334
999 607
999 786
1000 97
1000 815
1000 849
1001 104
1001 195
1001 901
1002 19
1002 49
1003 18
1003 60
1003 279
1003 591
1003 727
1003 771
1003 780
1003 1071
1003 1080
1003 1102
1003 1170
1004 559
1005 216
1005 234
1005 252
1005 531
1005 645
1005 777
1005 838
1005 914
1005 1038
1005 1186
1005 1193
1006 15
1006 268
1006 472
1007 436
1007 534
1007 823
1007 938
1008 199
1008 428
1008 543
1009 64
1009 185
1009 188
1009 245
1009 369
1009 513
1009 699
1009 839
1009 867
1009 929
1009 1020
1009 1051
1009 1062
1009 1078
1009 1098
1009 1194
1009 1203
1010 280
1010 576
1010 760
1010 820
1010 1026
1010 1185
1011 434
1011 569
1011 1076
1011 1096
1012 64
1012 160
1012 198
1012 347
1012 398
1012 411
1012 467
1012 506
1012 513
1012 608
1012 741
1012 749
1012 751
1012 772
1012 795
1012 845
1012 867
1012 902
1012 1020
1012 1051
1012 1074
1012 1086
1012 1131
1012 1133
1012 1203
1013 167
1013 242
1013 303
1013 827
1013 1191
1014 3
1014 43
1014 225
1014 556
1014 628
1014 889
1014 1216
1015 9
1015 101
1015 102
1015 182
1015 212
1015 347
1015 433
1015 486
1015 545
1015 557
1015 862
1015 1030
1015 1079
1015 1161
1015 1225
1016 132
1016 578
1016 1109
1017 351
1017 527
1017 599
1017 668
1017 714
1017 986
1018 823
1018 863
1018 914
1018 1040
1019 635
1019 736
1019 829
1019 877
1019 972
1020 9
1020 64
1020 66
1020 68
1020 72
1020 158
1020 270
1020 356
1020 369
1020 431
1020 456
1020 467
1020 486
1020 536
1020 608
1020 689
1020 746
1020 749
1020 814
1020 839
1020 902
1020 925
1020 929
1020 1009
1020 1012
1020 1028
1020 1051
1020 1074
1020 1079
1020 1086
1020 1105
1020 1133
1020 1174
1020 1203
1020 1225
1021 53
1021 99
1021 174
1021 306
1021 365
1021 491
1021 748
1021 787
1021 924
1021 1109
1022 60
1022 603
1022 914
1023 132
1024 149
1024 178
1024 316
1024 337
1024 341
1024 602
1024 621
1024 854
1025 32
1025 279
1025 326
1025 710
1025 946
1026 269
1026 386
1026 505
1026 576
1026 848
1026 1010
1026 1112
1027 23
1027 74
1027 273
1027 278
1027 409
1027 585
1027 640
1027 784
1028 64
1028 72
1028 229
1028 270
1028 373
1028 416
1028 456
1028 651
1028 689
1028 1020
1028 1051
1028 1062
1028 1067
1028 1074
1028 1086
1028 1092
1028 1105
1028 1161
1028 1206
1029 107
1029 201
1029 379
1029 490
1029 514
1029 714
1029 1191
1030 72
1030 75
1030 101
1030 182
1030 264
1030 302
1030 373
1030 432
1030 433
1030 467
1030 486
1030 557
1030 639
1030 765
1030 805
1030 809
1030 845
1030 1015
1030 1065
1030 1128
1030 1176
1031 298
1031 491
1031 497
1031 859
1031 977
1032 170
1032 571
1032 842
1033 9
1033 113
1033 373
1033 416
1033 440
1033 448
1033 689
1033 772
1033 929
1033 1067
1033 1105
1033 1133
1033 1203
1033 1206
1034 521
1034 974
1037 125
1037 204
1038 60
1038 216
1038 287
1038 444
1038 534
1038 581
1038 635
1038 711
1038 777
1038 798
1038 1005
1040 688
1040 1018
1042 58
1042 175
1042 227
1042 361
1042 432
1042 484
1042 486
1042 496
1042 506
1042 511
1042 953
1042 1084
1042 1142
1042 1169
1043 183
1043 766
1043 966
1043 1137
1043 1177
1044 385
1044 855
1045 481
1045 683
1045 1083
1046 697
1047 396
1047 1119
1048 92
1048 325
1048 407
1048 417
1048 971
1048 1152
1049 232
1049 400
1049 931
1049 932
1049 1155
1050 55
1050 444
1050 462
1050 540
1050 882
1051 59
1051 64
1051 188
1051 198
1051 270
1051 310
1051 373
1051 513
1051 651
1051 749
1051 814
1051 825
1051 839
1051 867
1051 876
1051 993
1051 1009
1051 1012
1051 1020
1051 1028
1051 1062
1051 1079
1051 1092
1051 1133
1051 1174
1051 1194
1051 1203
1051 1206
1051 1224
1053 377
1055 211
1055 326
1055 480
1055 652
1055 847
1055 1102
1056 149
1056 178
1056 241
1056 478
1056 529
1056 624
1056 709
1056 854
1056 900
1056 903
1056 1059
1056 1061
1056 1171
1056 1212
1057 789
1058 245
1058 349
1058 419
1058 588
1058 1078
1058 1079
1058 1194
1058 1204
1059 149
1059 178
1059 241
1059 337
1059 478
1059 624
1059 903
1059 1056
1059 1171
1060 78
1060 403
1060 793
1061 42
1061 69
1061 159
1061 224
1061 283
1061 343
1061 395
1061 498
1061 616
1061 930
1061 972
1061 1056
1061 1178
1062 9
1062 64
1062 75
1062 158
1062 188
1062 356
1062 467
1062 689
1062 749
1062 814
1062 825
1062 839
1062 925
1062 1009
1062 1028
1062 1051
1062 1078
1062 1079
1062 1086
1062 1092
1062 1133
1062 1174
1062 1194
1062 1203
1062 1206
1063 26
1063 211
1064 41
1064 139
1064 155
1064 191
1064 200
1064 285
1064 655
1064 884
1065 229
1065 262
1065 302
1065 350
1065 432
1065 448
1065 557
1065 757
1065 805
1065 809
1065 845
1065 920
1065 1030
1065 1121
1065 1128
1065 1225
1066 627
1067 229
1067 270
1067 416
1067 513
1067 651
1067 1028
1067 1033
1067 1206
1068 180
1068 677
1068 982
1068 1095
1070 904
1071 239
1071 280
1071 394
1071 1003
1071 1126
1072 874
1073 327
1073 439
1073 465
1073 466
1073 537
1073 555
1073 659
1073 686
1073 978
1073 1131
1074 102
1074 160
1074 262
1074 266
1074 411
1074 431
1074 465
1074 467
1074 506
1074 513
1074 608
1074 623
1074 814
1074 825
1074 867
1074 902
1074 967
1074 1012
1074 1020
1074 1028
1074 1078
1074 1133
1074 1174
1075 15
1076 1011
1077 788
1077 1146
1077 1154
1078 185
1078 689
1078 814
1078 1009
1078 1058
1078 1062
1078 1074
1078 1092
1078 1105
1078 1194
1078 1206
1079 9
1079 158
1079 433
1079 496
1079 629
1079 689
1079 765
1079 795
1079 825
1079 925
1079 1015
1079 1020
1079 1051
1079 1058
1079 1062
1079 1092
1079 1172
1079 1174
1079 1194
1080 63
1080 463
1080 509
1080 619
1080 771
1080 1003
1081 91
1081 152
1081 288
1081 425
1081 837
1081 852
1081 1090
1082 987
1083 645
1083 982
1083 1045
1084 84
1084 227
1084 302
1084 346
1084 484
1084 496
1084 953
1084 1042
1084 1098
1084 1124
1084 1142
1084 1169
1084 1172
1084 1196
1085 327
1085 870
1085 936
1086 64
1086 158
1086 270
1086 416
1086 456
1086 496
1086 513
1086 651
1086 725
1086 993
1086 1012
1086 1020
1086 1028
1086 1062
1086 1206
1086 1225
1087 111
1087 208
1087 320
1087 415
1087 508
1087 602
1087 658
1087 879
1087 1212
1088 287
1088 711
1088 1154
1089 27
1089 165
1089 282
1089 314
1090 91
1090 152
1090 185
1090 288
1090 425
1090 586
1090 796
1090 837
1090 1081
1091 212
1091 551
1091 768
1092 64
1092 72
1092 160
1092 198
1092 350
1092 361
1092 433
1092 651
1092 725
1092 746
1092 765
1092 814
1092 929
1092 953
1092 1028
1092 1051
1092 1062
1092 1078
1092 1079
1092 1105
1092 1194
1093 430
1093 717
1093 970
1094 166
1094 680
1094 1173
1095 289
1095 833
1095 1068
1095 1107
1096 1011
1097 25
1097 83
1097 205
1097 291
1097 355
1097 455
1097 551
1097 561
1097 598
1097 656
1097 768
1097 888
1097 939
1097 976
1097 980
1097 1197
1098 29
1098 160
1098 229
1098 251
1098 347
1098 451
1098 486
1098 496
1098 511
1098 707
1098 739
1098 839
1098 876
1098 1009
1098 1084
1098 1124
1098 1169
1098 1172
1099 305
1099 556
1099 696
1099 841
1099 860
1099 861
1099 1154
1100 124
1100 688
1100 780
1101 13
1101 169
1101 207
1101 475
1101 836
1101 893
1102 178
1102 294
1102 396
1102 436
1102 449
1102 487
1102 602
1102 680
1102 801
1102 806
1102 910
1102 935
1102 972
1102 1003
1102 1055
1103 54
1103 787
1103 803
1103 849
1103 1109
1105 68
1105 72
1105 158
1105 270
1105 416
1105 448
1105 456
1105 689
1105 929
1105 1020
1105 1028
1105 1033
1105 1078
1105 1092
1105 1206
1106 638
1106 721
1107 130
1107 201
1107 290
1107 504
1107 808
1107 930
1107 1095
1107 1158
1108 103
1108 239
1108 501
1108 871
1109 15
1109 32
1109 53
1109 123
1109 254
1109 315
1109 365
1109 457
1109 480
1109 504
1109 538
1109 558
1109 668
1109 780
1109 785
1109 834
1109 905
1109 986
1109 1016
1109 1021
1109 1103
1109 1119
1109 1216
1110 185
1110 401
1110 470
1110 825
1110 1215
1111 76
1111 283
1111 352
1111 388
1111 444
1111 487
1111 616
1111 731
1111 750
1111 758
1111 1223
1112 63
1112 351
1112 438
1112 769
1112 1026
1113 671
1113 708
1114 292
1114 642
1115 155
1115 200
1115 285
1115 389
1115 618
1115 907
1116 301
1116 671
1117 199
1117 500
1117 543
1117 597
1117 1227
1118 46
1118 63
1118 114
1118 121
1118 151
1118 218
1118 269
1118 283
1118 387
1118 430
1118 441
1118 453
1118 512
1118 563
1118 760
1118 1162
1118 1179
1119 27
1119 154
1119 165
1119 166
1119 306
1119 487
1119 668
1119 880
1119 1047
1119 1109
1119 1222
1120 33
1120 104
1120 205
1120 763
1120 826
1121 350
1121 356
1121 369
1121 432
1121 448
1121 557
1121 809
1121 875
1121 906
1121 1065
1121 1176
1121 1225
1122 19
1123 44
1123 202
1123 318
1124 29
1124 251
1124 373
1124 639
1124 707
1124 1084
1124 1098
1124 1169
1124 1172
1125 132
1125 133
1125 235
1125 314
1125 583
1125 664
1125 869
1125 1210
1126 89
1126 280
1126 461
1126 930
1126 1071
1126 1160
1127 90
1127 175
1127 251
1127 346
1127 496
1127 506
1127 511
1127 629
1127 792
1127 1140
1127 1169
1128 101
1128 182
1128 262
1128 319
1128 398
1128 741
1128 765
1128 809
1128 845
1128 875
1128 902
1128 978
1128 1030
1128 1065
1128 1131
1128 1161
1129 329
1129 360
1129 581
1129 752
1130 117
1131 59
1131 91
1131 198
1131 310
1131 398
1131 659
1131 795
1131 902
1131 953
1131 964
1131 978
1131 1012
1131 1073
1131 1128
1131 1224
1132 47
1132 54
1132 133
1132 223
1132 362
1132 388
1132 941
1133 158
1133 456
1133 467
1133 482
1133 651
1133 689
1133 749
1133 1012
1133 1020
1133 1033
1133 1051
1133 1062
1133 1074
1133 1174
1133 1203
1135 11
1135 118
1135 291
1135 307
1136 22
1136 218
1136 375
1136 395
1136 461
1136 514
1136 549
1136 694
1136 865
1136 914
1136 946
1136 1178
1137 698
1137 762
1137 766
1137 966
1137 998
1137 1043
1137 1177
1138 28
1138 51
1138 644
1138 662
1139 82
1139 527
1139 537
1139 668
1139 1222
1140 363
1140 369
1140 1127
1140 1169
1140 1224
1141 263
1141 324
1141 493
1141 697
1142 346
1142 361
1142 411
1142 506
1142 862
1142 1042
1142 1084
1143 473
1143 508
1143 973
1144 979
1145 55
1145 292
1145 681
1145 884
1146 71
1146 168
1146 231
1146 788
1146 1077
1147 61
1147 206
1147 215
1148 286
1148 429
1148 660
1148 891
1149 206
1150 942
1152 37
1152 140
1152 325
1152 417
1152 982
1152 1048
1153 69
1153 775
1153 899
1153 956
1154 156
1154 345
1154 464
1154 516
1154 556
1154 581
1154 591
1154 604
1154 696
1154 744
1154 841
1154 981
1154 1077
1154 1088
1154 1099
1155 232
1155 348
1155 742
1155 983
1155 1049
1156 312
1156 382
1156 995
1157 205
1157 384
1157 571
1157 594
1157 768
1157 897
1158 52
1158 78
1158 679
1158 717
1158 747
1158 813
1158 928
1158 1107
1159 312
1160 2
1160 280
1160 461
1160 1126
1161 9
1161 64
1161 198
1161 229
1161 416
1161 513
1161 689
1161 765
1161 805
1161 825
1161 920
1161 964
1161 1015
1161 1028
1161 1128
1161 1206
1161 1225
1162 22
1162 63
1162 121
1162 151
1162 218
1162 257
1162 283
1162 343
1162 563
1162 702
1162 829
1162 961
1162 1118
1162 1179
1163 713
1163 778
1164 66
1164 188
1164 251
1164 356
1164 363
1164 467
1164 506
1164 536
1164 712
1164 725
1164 746
1164 751
1164 772
1164 792
1164 802
1164 876
1164 902
1164 925
1164 964
1164 1198
1164 1224
1165 210
1165 937
1166 778
1167 1
1167 141
1167 462
1167 638
1167 655
1167 715
1168 798
1169 506
1169 639
1169 953
1169 1042
1169 1084
1169 1098
1169 1124
1169 1127
1169 1140
1169 1198
1170 1003
1171 120
1171 337
1171 380
1171 478
1171 529
1171 709
1171 854
1171 903
1171 1056
1171 1059
1172 198
1172 251
1172 496
1172 511
1172 629
1172 739
1172 953
1172 1079
1172 1084
1172 1098
1172 1124
1173 154
1173 563
1173 747
1173 775
1173 955
1173 963
1173 1094
1174 66
1174 68
1174 467
1174 608
1174 651
1174 814
1174 1020
1174 1051
1174 1062
1174 1074
1174 1079
1174 1133
1176 20
1176 101
1176 251
1176 262
1176 319
1176 361
1176 363
1176 369
1176 433
1176 467
1176 557
1176 765
1176 809
1176 1030
1176 1121
1177 183
1177 260
1177 762
1177 766
1177 966
1177 998
1177 1043
1177 1137
1178 498
1178 702
1178 946
1178 962
1178 972
1178 1061
1178 1136
1179 22
1179 46
1179 71
1179 151
1179 163
1179 257
1179 283
1179 441
1179 449
1179 453
1179 502
1179 563
1179 649
1179 1118
1179 1162
1181 90
1181 189
1181 439
1181 746
1181 825
1181 876
1181 993
1182 685
1183 15
1183 414
1183 849
1183 924
1184 111
1184 149
1184 151
1184 494
1184 529
1184 621
1184 624
1184 1222
1185 747
1185 794
1185 1010
1185 1221
1186 234
1186 252
1186 531
1186 645
1186 914
1186 1005
1186 1193
1187 688
1188 145
1189 422
1189 663
1190 634
1191 105
1191 201
1191 351
1191 447
1191 498
1191 504
1191 848
1191 930
1191 1013
1191 1029
1193 60
1193 252
1193 534
1193 914
1193 1005
1193 1186
1194 72
1194 245
1194 439
1194 467
1194 513
1194 651
1194 689
1194 765
1194 825
1194 876
1194 920
1194 929
1194 1009
1194 1051
1194 1058
1194 1062
1194 1078
1194 1079
1194 1092
1194 1203
1194 1206
1195 330
1195 528
1195 727
1196 29
1196 84
1196 440
1196 456
1196 739
1196 901
1196 1084
1197 381
1197 768
1197 888
1197 934
1197 939
1197 1097
1198 356
1198 369
1198 533
1198 1164
1198 1169
1199 24
1199 135
1199 246
1199 276
1199 321
1199 669
1200 36
1200 372
1200 523
1200 760
1201 28
1201 662
1201 1209
1202 692
1203 59
1203 64
1203 158
1203 188
1203 264
1203 310
1203 356
1203 623
1203 689
1203 867
1203 964
1203 967
1203 1009
1203 1012
1203 1020
1203 1033
1203 1051
1203 1062
1203 1133
1203 1194
1204 68
1204 158
1204 185
1204 349
1204 467
1204 520
1204 853
1204 1058
1205 396
1205 528
1205 727
1205 775
1206 9
1206 72
1206 113
1206 158
1206 270
1206 416
1206 456
1206 467
1206 651
1206 725
1206 749
1206 757
1206 929
1206 993
1206 1028
1206 1033
1206 1051
1206 1062
1206 1067
1206 1078
1206 1086
1206 1105
1206 1161
1206 1194
1206 1225
1207 57
1207 281
1208 621
1208 624
1208 709
1208 791
1208 854
1208 1228
1209 51
1209 723
1209 835
1209 917
1209 1201
1210 65
1210 82
1210 148
1210 180
1210 181
1210 235
1210 254
1210 308
1210 370
1210 420
1210 487
1210 583
1210 857
1210 986
1210 1125
1210 1211
1210 1215
1211 308
1211 1210
1212 111
1212 271
1212 320
1212 415
1212 508
1212 602
1212 658
1212 903
1212 1056
1212 1087
1212 1222
1213 918
1214 423
1214 682
1215 99
1215 258
1215 401
1215 450
1215 470
1215 560
1215 782
1215 788
1215 995
1215 1110
1215 1210
1216 2
1216 53
1216 174
1216 285
1216 306
1216 365
1216 414
1216 436
1216 1014
1216 1109
1217 742
1218 282
1218 495
1218 752
1218 937
1219 285
1219 435
1219 648
1219 655
1219 807
1219 829
1219 884
1220 60
1220 174
1220 430
1221 213
1221 239
1221 794
1221 1185
1222 44
1222 71
1222 120
1222 147
1222 278
1222 306
1222 420
1222 478
1222 494
1222 537
1222 621
1222 624
1222 821
1222 854
1222 900
1222 1119
1222 1139
1222 1184
1222 1212
1223 352
1223 498
1223 816
1223 994
1223 1111
1224 266
1224 356
1224 363
1224 467
1224 506
1224 533
1224 623
1224 712
1224 725
1224 853
1224 876
1224 953
1224 1051
1224 1131
1224 1140
1224 1164
1225 9
1225 64
1225 75
1225 432
1225 433
1225 448
1225 456
1225 651
1225 845
1225 875
1225 1015
1225 1020
1225 1065
1225 1086
1225 1121
1225 1161
1225 1206
1227 428
1227 500
1227 543
1227 597
1227 1117
1228 39
1228 210
1228 212
1228 221
1228 262
1228 265
1228 288
1228 368
1228 425
1228 465
1228 467
1228 537
1228 586
1228 608
1228 670
1228 686
1228 825
1228 852
1228 906
1228 1208
1229 365
1229 880
