0 15.0 0.5523809523809524 0.002173036842272702 0.5555555555555556
1 18.0 0.5686274509803921 0.005915815641440432 0.56
2 7.0 0.7619047619047619 0.00039820930413504696 0.45454545454545453
3 31.0 0.42795698924731185 0.02266947952924366 0.6422018348623854
4 16.0 0.4583333333333333 0.0063214613499047775 0.56
5 21.0 0.4142857142857143 0.013605008180146493 0.5882352941176471
6 11.0 0.41818181818181815 0.005444333267162966 0.5035971223021583
7 13.0 0.5384615384615384 0.0017946590717594223 0.546875
8 19.0 0.49707602339181284 0.005378888044809396 0.5737704918032787
9 23.0 0.43478260869565216 0.011282208802736376 0.5982905982905983
10 19.0 0.43859649122807015 0.005503358632381039 0.56
11 19.0 0.5380116959064327 0.005648323685336785 0.56
12 32.0 0.3528225806451613 0.03563003850075334 0.6422018348623854
13 22.0 0.5411255411255411 0.009994316204436462 0.5932203389830508
14 37.0 0.3738738738738739 0.036452926481671956 0.6796116504854369
15 33.0 0.3465909090909091 0.03278633671076079 0.6542056074766355
16 31.0 0.44946236559139785 0.020167664221520363 0.6363636363636364
17 15.0 0.6095238095238096 0.004399361222645734 0.5147058823529411
18 37.0 0.37537537537537535 0.03425358170784106 0.6796116504854369
19 23.0 0.4901185770750988 0.008335520417535311 0.5982905982905983
20 17.0 0.6029411764705882 0.0021965599674193177 0.56
21 36.0 0.3873015873015873 0.033100369610292765 0.6730769230769231
22 12.0 0.4393939393939394 0.0025977937802158005 0.5223880597014925
23 45.0 0.35858585858585856 0.054724063145892524 0.7368421052631579
24 16.0 0.48333333333333334 0.006050319888730125 0.5645161290322581
25 43.0 0.4064230343300111 0.03840173718380655 0.7216494845360825
26 19.0 0.49707602339181284 0.005393756094504617 0.5785123966942148
27 32.0 0.43548387096774194 0.03095387563523415 0.6481481481481481
28 27.0 0.48148148148148145 0.012678071942345506 0.6140350877192983
29 27.0 0.36752136752136755 0.027803185581160586 0.6194690265486725
30 32.0 0.3286290322580645 0.041051984371845096 0.6481481481481481
31 27.0 0.4045584045584046 0.024700915511328584 0.6194690265486725
32 13.0 0.6025641025641025 0.00329870315601012 0.5223880597014925
33 25.0 0.5666666666666667 0.008210838950808461 0.6086956521739131
34 20.0 0.5157894736842106 0.008833019547010768 0.5785123966942148
35 18.0 0.45751633986928103 0.006905461531371216 0.5691056910569106
36 10.0 0.5333333333333333 0.0014144048195119537 0.5343511450381679
37 25.0 0.42 0.015651933972217952 0.6086956521739131
38 21.0 0.41904761904761906 0.009877021967556342 0.5882352941176471
39 21.0 0.5428571428571428 0.0051918936712599326 0.5737704918032787
40 22.0 0.5627705627705628 0.005103832917829013 0.5785123966942148
41 14.0 0.5274725274725275 0.002528803132912584 0.5384615384615384
42 27.0 0.39316239316239315 0.01646485596064751 0.6140350877192983
43 9.0 0.5833333333333334 0.0013063475936580516 0.5223880597014925
44 24.0 0.40942028985507245 0.011398936570218222 0.603448275862069
45 16.0 0.6416666666666667 0.0020906126748112906 0.5645161290322581
46 9.0 0.2777777777777778 0.0026626944042000195 0.5147058823529411
47 10.0 0.7777777777777778 0.0005093238944170621 0.5072463768115942
48 22.0 0.42857142857142855 0.009395133006045376 0.5691056910569106
49 17.0 0.4264705882352941 0.008410337239630169 0.5691056910569106
50 14.0 0.6483516483516484 0.002348722543892125 0.5426356589147286
51 24.0 0.5652173913043478 0.007377107265248773 0.5982905982905983
52 10.0 0.5555555555555556 0.0010458938723722896 0.5147058823529411
53 21.0 0.4380952380952381 0.014232845183220905 0.5833333333333334
54 18.0 0.6143790849673203 0.0029053499726429035 0.5691056910569106
55 17.0 0.6102941176470589 0.002581076820041976 0.5555555555555556
56 17.0 0.5147058823529411 0.004197825853623137 0.5645161290322581
57 13.0 0.6410256410256411 0.003230282704727192 0.5303030303030303
58 10.0 0.8222222222222222 0.0004496683478675412 0.4827586206896552
59 15.0 0.6285714285714286 0.0019340083118669744 0.5426356589147286
60 12.0 0.6818181818181818 0.0011028750204855429 0.5185185185185185
61 18.0 0.673202614379085 0.0023496584172373195 0.5511811023622047
62 17.0 0.5441176470588235 0.004447142049298345 0.5691056910569106
63 12.0 0.5454545454545454 0.0023262367063655474 0.5426356589147286
64 26.0 0.5076923076923077 0.008304405452138383 0.6086956521739131
65 29.0 0.42610837438423643 0.017952558331655204 0.6306306306306306
66 11.0 0.6727272727272727 0.0008080629117056037 0.5303030303030303
67 25.0 0.45666666666666667 0.009859062097161801 0.5982905982905983
68 10.0 0.6 0.0009142479245704393 0.5223880597014925
69 19.0 0.52046783625731 0.00554359275089035 0.5785123966942148
70 16.0 0.575 0.0038313745510014856 0.5511811023622047
