0 13
0 7
0 51
0 34
0 67
0 28
0 58
0 28
0 57
0 22
0 33
0 0
0 42
0 33
0 12
1 51
1 34
1 65
1 40
1 67
1 31
1 17
1 3
1 35
1 38
1 35
1 19
1 8
1 4
1 31
1 31
1 35
1 1
2 33
2 49
2 19
2 62
2 56
2 25
2 14
3 67
3 59
3 17
3 10
3 4
3 4
3 37
3 7
3 9
3 37
3 65
3 55
3 66
3 4
3 37
3 43
3 66
3 1
3 12
3 67
3 12
3 66
3 4
3 37
3 43
3 54
3 49
3 49
3 70
3 24
3 6
4 10
4 44
4 28
4 26
4 64
4 16
4 40
4 16
4 48
4 11
4 21
4 4
4 5
4 1
4 46
4 25
5 51
5 13
5 35
5 39
5 52
5 59
5 44
5 8
5 40
5 48
5 6
5 16
5 16
5 51
5 63
5 66
5 8
5 48
5 48
5 61
5 38
6 48
6 40
6 24
6 38
6 59
6 20
6 14
6 45
6 18
6 40
6 40
7 21
7 37
7 3
7 8
7 44
7 60
7 0
7 12
7 49
7 24
7 53
7 65
7 22
8 51
8 66
8 32
8 8
8 12
8 45
8 67
8 60
8 21
8 55
8 70
8 40
8 9
8 42
8 32
8 47
8 12
8 29
8 8
9 20
9 39
9 37
9 54
9 11
9 39
9 13
9 40
9 55
9 70
9 42
9 42
9 9
9 18
9 40
9 53
9 31
9 22
9 54
9 57
9 57
9 67
9 51
10 62
10 24
10 54
10 57
10 27
10 10
10 52
10 66
10 60
10 12
10 56
10 31
10 19
10 51
10 19
10 11
10 13
10 29
10 31
11 45
11 5
11 44
11 65
11 40
11 12
11 31
11 70
11 23
11 64
11 35
11 5
11 20
11 55
11 24
11 54
11 30
11 38
11 23
12 4
12 1
12 7
12 49
12 16
12 10
12 15
12 21
12 26
12 26
12 34
12 18
12 4
12 21
12 22
12 2
12 6
12 61
12 1
12 26
12 21
12 12
12 62
12 68
12 29
12 5
12 21
12 59
12 60
12 33
12 61
12 8
13 67
13 42
13 59
13 37
13 1
13 7
13 32
13 48
13 8
13 67
13 41
13 8
13 51
13 10
13 53
13 22
13 57
13 4
13 42
13 63
13 23
13 1
14 4
14 64
14 20
14 59
14 17
14 44
14 38
14 14
14 14
14 67
14 63
14 30
14 44
14 40
14 64
14 4
14 40
14 54
14 64
14 41
14 22
14 0
14 14
14 32
14 66
14 68
14 64
14 64
14 4
14 39
14 64
14 20
14 14
14 67
14 51
14 53
14 67
15 68
15 70
15 27
15 5
15 30
15 69
15 48
15 32
15 57
15 5
15 17
15 38
15 5
15 19
15 50
15 67
15 67
15 48
15 57
15 18
15 4
15 18
15 19
15 62
15 50
15 57
15 18
15 34
15 64
15 64
15 34
15 62
15 50
16 54
16 17
16 46
16 40
16 46
16 30
16 65
16 31
16 30
16 35
16 5
16 29
16 2
16 12
16 26
16 40
16 2
16 54
16 34
16 54
16 53
16 5
16 51
16 45
16 51
16 7
16 30
16 37
16 29
16 2
16 29
17 19
17 23
17 0
17 15
17 18
17 14
17 14
17 69
17 25
17 10
17 52
17 45
17 29
17 65
17 25
18 22
18 38
18 12
18 2
18 15
18 53
18 62
18 39
18 10
18 50
18 17
18 62
18 40
18 56
18 22
18 62
18 4
18 15
18 54
18 18
18 62
18 48
18 68
18 37
18 12
18 26
18 10
18 56
18 58
18 54
18 46
18 39
18 39
18 15
18 4
18 48
18 22
19 15
19 10
19 56
19 38
19 38
19 70
19 28
19 69
19 33
19 40
19 38
19 44
19 15
19 47
19 22
19 22
19 35
19 26
19 49
19 19
19 66
19 49
19 65
20 53
20 63
20 5
20 31
20 64
20 21
20 27
20 43
20 64
20 34
20 21
20 44
20 9
20 62
20 57
20 20
20 14
21 29
21 58
21 22
21 12
21 26
21 52
21 43
21 28
21 69
21 45
21 4
21 57
21 62
21 21
21 69
21 35
21 21
21 20
21 10
21 11
21 5
21 10
21 2
21 2
21 60
21 21
21 11
21 35
21 24
21 13
21 49
21 26
21 24
21 28
21 24
21 4
22 2
22 27
22 8
22 59
22 57
22 34
22 5
22 27
22 34
22 21
22 61
22 64
23 17
23 41
23 2
23 2
23 67
23 44
23 31
23 67
23 59
23 32
23 68
23 23
23 48
23 6
23 22
23 10
23 67
23 6
23 13
23 22
23 58
23 67
23 46
23 50
23 67
23 67
23 62
23 67
23 32
23 60
23 11
23 41
23 69
23 69
23 32
23 50
23 6
23 50
23 48
23 31
23 57
23 22
23 44
23 11
23 31
24 3
24 24
24 28
24 50
24 31
24 37
24 65
24 59
24 36
24 67
24 45
24 18
24 68
24 59
24 51
24 18
25 45
25 56
25 47
25 6
25 59
25 52
25 45
25 30
25 57
25 44
25 45
25 59
25 4
25 22
25 41
25 49
25 30
25 34
25 52
25 36
25 34
25 25
25 30
25 41
25 24
25 45
25 30
25 41
25 32
25 44
25 58
25 43
25 57
25 30
25 50
25 4
25 56
25 44
25 58
25 63
25 30
25 24
25 4
26 43
26 26
26 40
26 29
26 50
26 3
26 28
26 26
26 28
26 49
26 17
26 6
26 35
26 49
26 16
26 7
26 28
26 53
26 63
27 64
27 53
27 54
27 10
27 55
27 15
27 27
27 70
27 12
27 1
27 22
27 7
27 63
27 11
27 40
27 68
27 56
27 27
27 40
27 63
27 38
27 7
27 27
27 12
27 61
27 47
27 37
27 53
27 37
27 12
27 66
27 42
28 63
28 55
28 7
28 68
28 13
28 0
28 39
28 30
28 29
28 34
28 5
28 31
28 24
28 39
28 32
28 21
28 26
28 32
28 30
28 58
28 65
28 24
28 37
28 38
28 39
28 68
28 42
29 10
29 65
29 11
29 67
29 21
29 28
29 12
29 40
29 53
29 43
29 52
29 69
29 65
29 67
29 12
29 59
29 10
29 42
29 7
29 16
29 21
29 28
29 36
29 47
29 3
29 70
29 0
30 25
30 30
30 28
30 37
30 35
30 53
30 16
30 44
30 18
30 30
30 44
30 11
30 18
30 66
30 70
30 28
30 47
30 33
30 65
30 15
30 28
30 65
30 39
30 41
30 65
30 42
30 61
30 56
30 55
30 18
30 48
30 14
31 56
31 47
31 10
31 45
31 55
31 23
31 28
31 64
31 61
31 37
31 16
31 37
31 42
31 7
31 53
31 54
31 42
31 11
31 51
31 64
31 16
31 67
31 54
31 46
31 7
31 11
31 35
32 7
32 65
32 44
32 3
32 63
32 3
32 32
32 43
32 25
32 10
32 25
32 48
32 27
33 37
33 53
33 26
33 10
33 56
33 51
33 26
33 50
33 65
33 66
33 19
33 35
33 48
33 64
33 36
33 42
33 55
33 54
33 32
33 19
33 20
33 38
33 68
33 0
33 56
34 55
34 68
34 10
34 11
34 34
34 15
34 22
34 28
34 65
34 39
34 57
34 57
34 15
34 8
34 32
34 57
34 7
34 6
34 43
34 5
35 33
35 39
35 39
35 18
35 61
35 33
35 18
35 16
35 22
35 6
35 57
35 35
35 62
35 16
35 20
35 21
35 63
35 40
36 69
36 32
36 42
36 64
36 23
36 4
36 57
36 45
36 26
36 70
37 63
37 18
37 34
37 18
37 43
37 34
37 1
37 1
37 6
37 24
37 9
37 24
37 27
37 3
37 13
37 31
37 63
37 39
37 34
37 20
37 33
37 16
37 44
37 2
37 33
38 38
38 3
38 59
38 3
38 9
38 14
38 37
38 62
38 33
38 34
38 14
38 47
38 9
38 8
38 14
38 61
38 35
38 6
38 26
38 11
38 37
39 4
39 57
39 68
39 30
39 29
39 15
39 60
39 40
39 40
39 45
39 39
39 39
39 40
39 38
39 32
39 13
39 55
39 16
39 14
39 1
39 17
40 14
40 8
40 52
40 30
40 15
40 13
40 30
40 60
40 49
40 14
40 31
40 37
40 30
40 16
40 37
40 5
40 29
40 37
40 15
40 5
40 26
40 62
41 14
41 69
41 1
41 20
41 32
41 25
41 48
41 20
41 32
41 23
41 14
41 66
41 10
41 31
42 48
42 63
42 65
42 11
42 31
42 28
42 59
42 34
42 14
42 64
42 69
42 15
42 37
42 38
42 70
42 0
42 14
42 22
42 64
42 22
42 11
42 30
42 24
42 43
42 34
42 0
42 15
43 69
43 28
43 7
43 3
43 39
43 10
43 32
43 38
43 67
44 6
44 17
44 54
44 48
44 63
44 7
44 48
44 5
44 15
44 30
44 42
44 19
44 39
44 15
44 26
44 14
44 42
44 70
44 14
44 47
44 13
44 29
44 23
44 55
45 53
45 35
45 51
45 70
45 38
45 8
45 68
45 60
45 70
45 53
45 31
45 53
45 19
45 14
45 38
45 46
46 12
46 67
46 68
46 3
46 30
46 28
46 8
46 28
46 28
47 67
47 36
47 34
47 58
47 6
47 21
47 19
47 46
47 1
47 31
48 38
48 53
48 60
48 3
48 60
48 32
48 23
48 28
48 23
48 42
48 61
48 61
48 14
48 69
48 24
48 23
48 54
48 28
48 15
48 31
48 23
48 3
49 64
49 57
49 21
49 19
49 18
49 66
49 26
49 10
49 61
49 39
49 18
49 23
49 51
49 33
49 12
49 67
49 3
50 19
50 42
50 60
50 44
50 18
50 56
50 39
50 10
50 47
50 23
50 18
50 14
50 52
50 44
51 19
51 34
51 24
51 34
51 43
51 44
51 49
51 13
51 24
51 8
51 28
51 49
51 28
51 51
51 51
51 44
51 45
51 61
51 13
51 17
51 60
51 16
51 10
51 16
52 25
52 41
52 61
52 21
52 27
52 57
52 14
52 60
52 58
52 70
53 6
53 46
53 36
53 41
53 67
53 44
53 20
53 54
53 31
53 38
53 16
53 3
53 68
53 52
53 20
53 3
53 13
53 55
53 20
53 16
53 13
54 68
54 63
54 60
54 56
54 53
54 48
54 38
54 54
54 6
54 36
54 9
54 70
54 69
54 45
54 34
54 39
54 49
54 16
55 41
55 11
55 13
55 50
55 17
55 41
55 67
55 16
55 50
55 5
55 36
55 58
55 44
55 8
55 52
55 54
55 59
56 19
56 33
56 8
56 19
56 9
56 15
56 9
56 54
56 57
56 56
56 31
56 57
56 34
56 18
56 61
56 69
56 16
57 40
57 60
57 16
57 18
57 38
57 33
57 9
57 37
57 8
57 21
57 3
57 3
57 16
58 27
58 58
58 21
58 34
58 16
58 11
58 69
58 3
58 45
58 48
59 48
59 2
59 56
59 48
59 31
59 24
59 62
59 22
59 23
59 66
59 25
59 38
59 15
59 23
59 49
60 58
60 64
60 65
60 13
60 36
60 21
60 20
60 29
60 65
60 13
60 37
60 53
61 40
61 46
61 56
61 27
61 22
61 63
61 66
61 68
61 43
61 26
61 45
61 29
61 61
61 51
61 53
61 60
61 36
61 48
62 26
62 53
62 66
62 66
62 54
62 65
62 61
62 67
62 2
62 35
62 45
62 18
62 12
62 1
62 53
62 43
62 65
63 62
63 34
63 29
63 47
63 69
63 16
63 43
63 64
63 39
63 10
63 28
63 30
64 42
64 13
64 64
64 58
64 15
64 16
64 44
64 13
64 31
64 16
64 27
64 64
64 70
64 45
64 64
64 15
64 20
64 19
64 36
64 17
64 16
64 31
64 19
64 20
64 4
64 47
65 19
65 5
65 65
65 33
65 43
65 11
65 31
65 36
65 7
65 19
65 28
65 65
65 16
65 26
65 62
65 15
65 37
65 11
65 29
65 31
65 29
65 33
65 29
65 29
65 60
65 15
65 17
65 9
65 31
66 19
66 15
66 14
66 51
66 69
66 66
66 62
66 70
66 28
66 18
66 24
67 4
67 31
67 16
67 16
67 27
67 33
67 9
67 67
67 16
67 49
67 7
67 3
67 28
67 23
67 17
67 7
67 63
67 29
67 24
67 14
67 33
67 67
67 57
67 43
67 48
68 0
68 54
68 69
68 62
68 62
68 59
68 15
68 6
68 3
68 9
69 42
69 41
69 35
69 36
69 60
69 69
69 25
69 25
69 16
69 46
69 29
69 57
69 64
69 40
69 63
69 23
69 32
69 50
69 37
70 68
70 8
70 68
70 13
70 5
70 30
70 1
70 6
70 4
70 19
70 60
70 29
70 28
70 58
70 0
70 52
