0 17.0 0.3602941176470588 0.010288327523172611 0.56
1 15.0 0.47619047619047616 0.006823722687714494 0.5426356589147286
2 6.0 0.3333333333333333 0.001490307586026144 0.45751633986928103
3 16.0 0.48333333333333334 0.005027208105535703 0.5426356589147286
4 17.0 0.3161764705882353 0.01359998475600915 0.5303030303030303
5 14.0 0.3956043956043956 0.007932895969180412 0.546875
6 5.0 0.5 0.0009954581668377028 0.45751633986928103
7 9.0 0.3055555555555556 0.003032831849931867 0.5035971223021583
8 12.0 0.45454545454545453 0.004218936683156414 0.5109489051094891
9 12.0 0.3484848484848485 0.008797654161670627 0.5072463768115942
10 18.0 0.43137254901960786 0.00913753777977592 0.546875
11 21.0 0.32857142857142857 0.02305185231589845 0.5785123966942148
12 30.0 0.2942528735632184 0.044800658016388925 0.6363636363636364
13 11.0 0.5636363636363636 0.002675272803135217 0.49645390070921985
14 18.0 0.3464052287581699 0.01969101075840316 0.5691056910569106
15 30.0 0.28735632183908044 0.05798280626073781 0.6306306306306306
16 26.0 0.31076923076923074 0.043750803775449716 0.6086956521739131
17 9.0 0.3611111111111111 0.0028097303212780635 0.4605263157894737
18 23.0 0.35177865612648224 0.03649291876392091 0.5982905982905983
19 21.0 0.40476190476190477 0.014986787217844683 0.5737704918032787
20 20.0 0.39473684210526316 0.015400246090995233 0.5645161290322581
21 24.0 0.3079710144927536 0.03781278338548978 0.603448275862069
22 15.0 0.3142857142857143 0.011661338488936964 0.5223880597014925
23 27.0 0.33048433048433046 0.028500205239233845 0.6140350877192983
24 13.0 0.34615384615384615 0.008365968752613823 0.5072463768115942
25 35.0 0.28739495798319326 0.06432778423526775 0.6666666666666666
26 21.0 0.3904761904761905 0.015350147722041935 0.5833333333333334
27 21.0 0.35714285714285715 0.024268273639114664 0.5833333333333334
28 15.0 0.5238095238095238 0.005971816443861448 0.5263157894736842
29 20.0 0.2578947368421053 0.035771634510182386 0.5691056910569106
30 19.0 0.3508771929824561 0.015899655162945652 0.56
31 14.0 0.38461538461538464 0.010303513338345598 0.5384615384615384
32 18.0 0.3137254901960784 0.02431806177849743 0.56
33 24.0 0.3115942028985507 0.048848945351543833 0.603448275862069
34 13.0 0.2948717948717949 0.00870704910062881 0.5303030303030303
35 12.0 0.24242424242424243 0.007995850904444685 0.5035971223021583
36 6.0 0.4666666666666667 0.0011397091521315123 0.47297297297297297
37 14.0 0.37362637362637363 0.007901403893202897 0.5303030303030303
38 17.0 0.4117647058823529 0.0091754698372329 0.5426356589147286
39 21.0 0.41904761904761906 0.01233596747461868 0.56
40 22.0 0.38095238095238093 0.014988021503145375 0.5737704918032787
41 26.0 0.3630769230769231 0.02874781882880976 0.6140350877192983
42 16.0 0.45 0.0072258237190302 0.5343511450381679
43 5.0 0.8 7.215007215007215e-05 0.4375
44 11.0 0.38181818181818183 0.00608037886966926 0.5035971223021583
45 6.0 0.2 0.001607983878562542 0.4605263157894737
46 4.0 0.5 0.00023701252196505916 0.44025157232704404
47 11.0 0.41818181818181815 0.003874543867510118 0.5147058823529411
48 9.0 0.3888888888888889 0.002173758074561874 0.4827586206896552
49 15.0 0.3523809523809524 0.01101657061110349 0.5384615384615384
50 18.0 0.29411764705882354 0.01879705970952719 0.5426356589147286
51 14.0 0.4835164835164835 0.003861437974178607 0.5147058823529411
52 3.0 0.3333333333333333 0.00015190611698287778 0.4046242774566474
53 17.0 0.40441176470588236 0.008958723419246655 0.5263157894736842
54 16.0 0.425 0.0076317390889438326 0.5426356589147286
55 20.0 0.3894736842105263 0.014290939586878352 0.5645161290322581
56 13.0 0.5 0.003452291962305807 0.5
57 12.0 0.30303030303030304 0.00973163563802849 0.5035971223021583
58 4.0 0.8333333333333334 5.175983436853002e-05 0.4166666666666667
59 9.0 0.5 0.004674939115932904 0.4666666666666667
60 3.0 0.6666666666666666 9.400705052878966e-05 0.3977272727272727
61 9.0 0.1388888888888889 0.007328631725190737 0.48951048951048953
62 9.0 0.3333333333333333 0.0026324851470160278 0.45161290322580644
63 13.0 0.2692307692307692 0.020040494892723904 0.5223880597014925
64 23.0 0.3794466403162055 0.020728017779533175 0.5645161290322581
65 19.0 0.3508771929824561 0.018328892251775062 0.5645161290322581
66 10.0 0.4444444444444444 0.002183332715283126 0.4666666666666667
67 11.0 0.5818181818181818 0.002260635554152209 0.4861111111111111
68 11.0 0.2727272727272727 0.007277785991245297 0.4861111111111111
69 7.0 0.23809523809523808 0.003076978651321648 0.4861111111111111
70 9.0 0.5555555555555556 0.001293171401867054 0.45454545454545453
