0 70
0 31
0 65
0 30
0 42
0 30
0 26
0 10
1 64
1 70
1 8
1 20
1 10
1 19
1 26
1 24
1 12
1 41
2 17
2 21
2 37
2 7
3 3
3 51
3 4
3 49
3 54
3 63
3 44
3 34
3 59
3 42
3 48
3 40
3 57
3 60
3 37
3 34
3 44
3 53
3 54
3 40
3 63
3 9
4 16
4 53
4 3
4 4
4 10
4 15
5 22
5 2
6 27
6 11
6 57
7 58
7 57
7 29
7 23
7 66
7 63
7 26
8 40
8 40
8 69
8 14
8 35
8 49
8 61
8 59
8 63
8 38
8 32
8 45
8 14
8 59
9 49
9 44
9 30
9 65
9 57
9 35
9 34
9 47
9 51
9 57
9 30
9 9
9 68
9 31
10 40
10 32
10 1
10 66
10 30
10 10
10 45
10 0
10 41
10 45
10 32
10 24
10 27
10 10
11 65
11 32
11 40
11 5
11 30
11 57
11 30
11 65
11 57
11 34
11 11
11 56
11 65
11 64
11 67
11 44
11 51
11 63
11 63
11 59
11 56
11 59
12 63
12 35
12 57
12 63
12 17
12 28
12 45
12 18
12 58
12 57
12 13
12 55
12 49
12 31
12 27
12 17
12 0
12 32
12 28
12 28
12 39
12 7
12 38
12 39
13 4
13 51
13 10
13 25
13 12
13 32
13 37
13 64
13 23
14 25
14 59
14 17
14 25
15 56
15 23
15 40
15 64
15 64
15 61
15 64
15 60
15 63
15 23
15 15
15 29
15 29
16 67
16 67
16 66
16 67
16 40
16 59
16 32
16 37
16 28
16 28
16 30
16 49
16 44
16 49
16 35
16 56
16 63
16 55
16 49
16 53
16 56
16 40
16 32
16 64
16 51
17 12
17 26
17 41
17 8
17 16
17 40
17 33
17 58
17 19
18 1
18 55
18 12
18 55
18 8
18 16
19 1
19 37
19 0
19 1
19 42
19 56
19 66
19 38
19 52
19 17
19 51
19 30
19 55
19 30
20 20
20 51
20 64
20 22
20 44
20 25
20 28
20 6
20 30
20 45
20 57
20 57
20 38
20 67
20 0
21 2
21 57
21 59
21 40
21 29
21 26
21 31
21 6
21 2
21 34
21 31
22 51
22 18
22 42
22 42
22 32
22 11
22 59
23 67
23 27
23 55
23 35
23 23
23 53
23 6
23 35
23 57
23 57
23 15
23 45
23 60
23 15
23 54
23 32
23 44
23 35
23 35
23 27
23 41
23 17
23 14
23 53
23 6
24 65
24 19
24 42
24 12
24 64
24 53
24 21
24 51
24 63
24 41
24 7
24 12
24 55
24 0
24 55
25 50
25 27
25 45
25 20
25 32
25 65
25 68
25 56
25 32
25 18
25 69
25 27
25 32
25 68
25 25
25 51
25 69
25 44
25 10
25 31
25 63
25 45
25 13
25 27
26 40
26 40
26 15
26 15
26 58
26 6
26 67
26 40
26 49
26 55
26 34
26 60
26 33
26 26
26 45
26 53
26 27
26 6
26 21
27 0
27 64
27 25
27 65
27 64
27 4
27 3
27 1
27 38
27 25
27 64
27 68
27 42
28 42
28 10
28 1
28 53
28 12
28 58
28 65
28 21
28 17
28 1
28 65
28 68
28 42
29 7
29 12
29 38
29 29
29 11
29 64
29 27
29 20
30 42
30 1
30 0
30 38
30 1
30 19
30 30
30 20
30 8
30 9
30 8
30 6
30 14
30 30
30 6
30 0
30 9
30 56
30 59
30 5
30 4
30 8
30 42
30 10
30 21
30 11
30 30
30 16
31 3
31 11
31 25
31 67
31 19
31 35
31 42
32 11
32 51
32 70
32 56
32 42
32 20
32 26
32 23
32 20
32 42
32 51
32 25
32 47
33 23
33 23
33 17
33 20
33 64
33 37
33 57
33 53
33 2
33 26
33 17
33 12
34 38
34 41
34 4
34 56
34 47
34 7
34 38
34 55
34 23
34 52
34 16
34 40
34 3
35 63
35 9
35 3
35 0
35 65
35 9
35 65
35 44
35 51
35 16
35 3
35 56
35 12
36 30
37 21
37 1
37 22
37 29
37 67
37 6
37 16
37 18
37 64
37 63
37 59
37 3
37 10
37 8
37 64
38 30
38 24
38 28
38 35
38 3
38 2
38 56
38 55
38 12
38 20
38 70
38 1
38 57
38 38
38 34
39 3
39 23
39 62
39 29
39 13
39 27
39 53
39 39
39 47
39 49
39 12
39 15
39 63
40 0
40 33
40 34
40 15
40 26
40 44
40 9
40 11
40 61
40 8
40 50
40 27
40 31
40 40
40 58
40 65
40 24
40 57
40 26
40 18
41 35
41 66
41 29
41 23
41 15
41 0
41 14
41 14
41 65
41 8
41 47
41 35
41 12
41 20
41 17
41 21
42 15
42 37
42 70
42 11
42 30
42 37
42 3
42 57
42 22
42 62
42 30
42 3
42 30
42 11
42 37
42 36
42 48
42 32
44 53
44 4
44 26
44 65
44 30
44 27
44 13
44 45
45 29
45 27
45 15
45 30
45 32
45 27
47 20
47 30
47 57
47 30
47 62
47 9
47 14
48 63
48 50
48 29
48 3
48 19
48 3
49 64
49 35
49 12
49 8
49 3
49 64
49 12
49 42
49 28
50 3
50 47
50 32
50 23
50 42
50 9
50 24
50 13
51 32
51 27
51 69
51 10
51 38
51 9
51 20
51 24
51 32
51 59
51 21
51 18
51 26
51 31
52 65
52 34
52 4
53 0
53 16
53 37
53 61
53 68
53 32
53 60
53 39
53 70
53 50
53 59
53 26
54 31
54 67
54 67
55 29
55 55
55 10
55 44
55 28
55 12
55 37
55 33
55 10
55 2
55 34
55 59
56 17
56 26
56 67
56 39
56 55
56 25
56 3
56 68
56 13
56 17
56 67
56 25
56 30
56 25
56 25
57 8
57 38
57 66
57 42
57 56
57 60
57 37
57 23
57 26
57 11
57 25
57 28
57 66
57 37
58 51
58 32
58 37
58 11
58 30
58 24
59 69
59 19
59 30
59 51
59 3
59 57
59 12
59 41
60 25
60 25
60 25
61 54
61 51
61 26
61 36
61 23
62 38
62 0
63 44
63 63
63 26
63 4
63 50
63 19
63 31
63 10
63 8
63 37
63 32
63 9
63 24
63 20
63 37
63 28
63 30
63 30
63 19
63 12
63 24
64 52
64 50
64 11
64 8
64 42
64 39
64 32
64 42
64 4
64 27
64 66
64 49
64 4
64 33
64 27
64 36
64 39
64 42
64 9
64 28
64 8
64 18
64 22
65 34
65 40
65 35
65 7
65 50
65 33
65 11
65 32
65 21
65 33
65 26
65 20
65 8
65 18
65 16
65 26
66 45
66 14
66 32
66 45
66 39
67 23
67 10
67 59
67 8
67 13
67 45
67 38
67 12
67 0
68 41
68 37
68 56
68 16
68 25
68 38
69 15
69 4
69 33
69 51
69 39
69 9
69 49
70 25
70 52
70 1
70 30
70 57
70 10
