0 57
0 29
0 49
0 64
0 64
0 26
0 19
0 64
1 63
1 27
1 24
1 2
1 68
1 65
1 67
1 32
1 24
1 47
2 15
2 35
2 20
2 45
3 47
3 67
3 53
3 41
3 40
3 35
3 44
3 3
3 37
3 29
3 56
3 49
3 56
3 42
3 39
3 56
3 39
3 42
3 70
3 3
3 66
3 65
4 9
4 70
4 7
4 9
4 23
4 26
5 20
5 28
6 28
6 34
6 41
7 38
7 21
7 23
7 13
7 4
7 67
7 25
8 64
8 21
8 53
8 39
8 35
8 38
8 55
8 67
8 31
8 63
8 15
8 51
8 33
8 41
9 51
9 57
9 35
9 64
9 58
9 24
9 69
9 56
9 24
9 24
9 30
9 51
9 35
9 13
10 65
10 15
10 53
10 58
10 41
10 40
10 14
10 41
10 25
10 52
10 27
10 65
10 10
10 57
11 11
11 50
11 42
11 30
11 48
11 6
11 42
11 29
11 32
11 40
11 65
11 67
11 40
11 51
11 13
11 48
11 64
11 39
11 63
11 59
11 53
11 40
12 47
12 70
12 70
12 39
12 55
12 35
12 45
12 57
12 70
12 49
12 33
12 31
12 1
12 68
12 62
12 17
12 61
12 63
12 29
12 44
12 55
12 45
12 47
12 12
13 17
13 64
13 32
13 33
13 58
13 22
13 9
13 11
13 12
14 19
14 58
14 24
14 38
15 53
15 41
15 34
15 34
15 61
15 70
15 63
15 53
15 38
15 9
15 8
15 66
15 41
16 40
16 64
16 44
16 64
16 16
16 57
16 40
16 31
16 59
16 32
16 47
16 32
16 16
16 35
16 48
16 40
16 40
16 17
16 60
16 30
16 67
16 67
16 70
16 37
16 16
17 15
17 28
17 10
17 35
17 15
17 40
17 39
17 16
17 28
18 69
18 64
18 10
18 44
18 51
18 51
19 47
19 28
19 15
19 63
19 56
19 34
19 11
19 9
19 51
19 56
19 67
19 33
19 6
19 30
20 59
20 1
20 28
20 51
20 0
20 34
20 44
20 65
20 20
20 4
20 54
20 30
20 61
20 49
20 14
21 63
21 62
21 63
21 64
21 38
21 24
21 26
21 39
21 6
21 34
21 63
22 64
22 0
22 45
22 32
22 32
22 61
22 60
23 32
23 17
23 15
23 17
23 57
23 68
23 32
23 15
23 13
23 67
23 13
23 55
23 63
23 53
23 35
23 44
23 70
23 49
23 23
23 15
23 13
23 67
23 15
23 66
23 53
24 45
24 12
24 56
24 59
24 28
24 40
24 40
24 56
24 24
24 65
24 56
24 19
24 68
24 28
24 38
25 25
25 62
25 55
25 51
25 51
25 65
25 58
25 27
25 13
25 60
25 13
25 65
25 31
25 49
25 69
25 48
25 56
25 2
25 50
25 32
25 55
25 41
25 15
25 58
26 40
26 49
26 63
26 50
26 36
26 40
26 55
26 34
26 57
26 33
26 57
26 51
26 56
26 41
26 56
26 32
26 47
26 69
26 33
27 25
27 11
27 63
27 11
27 8
27 39
27 63
27 64
27 29
27 56
27 35
27 35
27 40
28 20
28 38
28 16
28 50
28 22
28 57
28 29
28 63
28 16
28 27
28 55
28 39
28 12
29 17
29 65
29 38
29 23
29 29
29 64
29 33
29 51
30 9
30 9
30 18
30 38
30 44
30 20
30 7
30 2
30 14
30 38
30 44
30 69
30 8
30 58
30 10
30 16
30 39
30 39
30 30
30 38
30 67
30 9
30 60
30 44
30 20
30 19
30 10
30 67
31 63
31 51
31 51
31 42
31 40
31 70
31 13
32 69
32 3
32 41
32 12
32 47
32 41
32 10
32 37
32 64
32 10
32 64
32 51
32 68
33 14
33 41
33 8
33 19
33 58
33 32
33 21
33 29
33 56
33 63
33 65
33 49
34 3
34 1
34 38
34 10
34 35
34 0
34 51
34 42
34 29
34 25
34 21
34 11
34 64
35 52
35 35
35 9
35 41
35 20
35 12
35 8
35 55
35 68
35 55
35 16
35 24
35 16
36 30
37 7
37 3
37 20
37 16
37 42
37 32
37 3
37 16
37 38
37 33
37 44
37 65
37 32
37 50
37 3
38 38
38 59
38 9
38 56
38 28
38 1
38 53
38 19
38 67
38 37
38 1
38 37
38 56
38 13
38 27
39 57
39 68
39 59
39 45
39 30
39 55
39 66
39 39
39 12
39 64
39 1
39 50
39 18
40 47
40 47
40 8
40 13
40 10
40 11
40 13
40 33
40 16
40 13
40 57
40 10
40 9
40 26
40 9
40 65
40 65
40 15
40 31
40 19
41 26
41 65
41 15
41 67
41 7
41 35
41 61
41 28
41 12
41 21
41 7
41 69
41 4
41 34
41 26
41 13
42 50
42 1
42 11
42 69
42 51
42 30
42 57
42 42
42 67
42 27
42 9
42 66
42 50
42 60
42 68
42 51
42 69
42 9
44 19
44 30
44 19
44 35
44 1
44 57
44 37
44 10
45 1
45 1
45 53
45 69
45 19
45 16
47 26
47 23
47 31
47 11
47 41
47 58
47 23
48 28
48 19
48 30
48 20
48 17
48 9
49 39
49 39
49 2
49 23
49 16
49 9
49 40
49 3
49 41
50 64
50 65
50 39
50 12
50 25
50 28
50 20
50 65
51 8
51 58
51 14
51 33
51 4
51 19
51 39
51 0
51 49
51 20
51 22
51 32
51 69
51 26
52 25
52 8
52 17
53 33
53 29
53 14
53 12
53 38
53 8
53 12
53 38
53 29
53 3
53 11
53 6
54 3
54 1
54 22
55 25
55 28
55 3
55 28
55 20
55 34
55 42
55 16
55 16
55 27
55 26
55 38
56 56
56 15
56 58
56 9
56 52
56 27
56 1
56 68
56 38
56 3
56 55
56 56
56 66
56 17
56 33
57 42
57 23
57 11
57 21
57 24
57 8
57 18
57 18
57 2
57 22
57 19
57 35
57 0
57 19
58 67
58 64
58 0
58 44
58 56
58 20
59 10
59 26
59 24
59 39
59 48
59 68
59 67
59 54
60 10
60 30
60 50
61 30
61 37
61 55
61 65
61 16
62 41
62 3
63 26
63 63
63 67
63 8
63 0
63 11
63 25
63 8
63 10
63 26
63 2
63 34
63 20
63 23
63 11
63 1
63 23
63 30
63 28
63 5
63 11
64 27
64 4
64 24
64 1
64 24
64 24
64 9
64 16
64 17
64 8
64 69
64 16
64 16
64 64
64 16
64 22
64 11
64 0
64 34
64 22
64 29
64 13
64 27
65 32
65 40
65 27
65 37
65 48
65 39
65 21
65 2
65 19
65 11
65 9
65 16
65 50
65 29
65 9
65 20
66 19
66 7
66 30
66 5
66 63
67 31
67 21
67 51
67 24
67 11
67 45
67 38
67 35
67 0
68 42
68 10
68 28
68 42
68 25
68 44
69 16
69 57
69 2
69 60
69 26
69 27
69 21
70 14
70 20
70 54
70 39
70 20
70 56
