0 8.0 0.6785714285714286 0.001354194157169301 0.4289424860853432
1 10.0 0.6222222222222222 0.0046525312169408235 0.4317460317460317
2 4.0 0.3333333333333333 0.003481054257451772 0.37963875205254516
3 22.0 0.43722943722943725 0.04477520430323785 0.5414519906323184
4 6.0 0.26666666666666666 0.008867425630265411 0.40525854513584575
5 2.0 0.0 0.0001380262249827467 0.33194544149318017
6 3.0 0.3333333333333333 0.0009003074220465525 0.34404761904761905
7 7.0 0.47619047619047616 0.0019715230775563517 0.4403809523809524
8 14.0 0.7472527472527473 0.0017042783567942322 0.44936831875607386
9 14.0 0.6153846153846154 0.0033511445519832997 0.4463320463320464
10 14.0 0.6593406593406593 0.0036105305406139167 0.46849037487335354
11 22.0 0.42424242424242425 0.03855786912296067 0.5004329004329005
12 24.0 0.41304347826086957 0.07378756848030567 0.5744099378881988
13 9.0 0.3611111111111111 0.01841447042901766 0.4261751152073733
14 4.0 0.5 0.02774327122153209 0.40034632034632034
15 13.0 0.3717948717948718 0.020819552660179343 0.47183673469387755
16 25.0 0.4066666666666667 0.03866976436320549 0.5327188940092166
17 9.0 0.5277777777777778 0.018562222518088502 0.4345864661654135
18 6.0 0.4 0.007290823801470622 0.4207461328480437
19 14.0 0.5274725274725275 0.010859442628302013 0.4619380619380619
20 15.0 0.6285714285714286 0.0047633723657097265 0.4752312435765673
21 11.0 0.6727272727272727 0.0030536888072518753 0.4403809523809524
22 7.0 0.9047619047619048 0.0003738317147301689 0.4463320463320464
23 25.0 0.44666666666666666 0.042446908137254574 0.5744099378881988
24 15.0 0.44761904761904764 0.016774376635523496 0.4929637526652452
25 24.0 0.44565217391304346 0.025774011385060223 0.5459268004722551
26 19.0 0.5906432748538012 0.008550775814495606 0.5120708748615725
27 13.0 0.4358974358974359 0.019833748726582317 0.4857142857142857
28 13.0 0.5256410256410257 0.010797388647233966 0.48931216931216925
29 8.0 0.4642857142857143 0.008923963183063335 0.4555665024630542
30 28.0 0.2804232804232804 0.12465294743023124 0.6005194805194805
31 7.0 0.6666666666666666 0.0028215982998141603 0.4374645222327342
32 13.0 0.2948717948717949 0.035746886824487345 0.47867494824016565
33 12.0 0.3787878787878788 0.01205001441135705 0.47867494824016565
34 13.0 0.38461538461538464 0.02434108050932873 0.46849037487335354
35 13.0 0.3717948717948718 0.01288627212221959 0.4929637526652452
36 1.0 0.0 0.0 0.28472906403940884
37 15.0 0.41904761904761906 0.014056341923555898 0.5042529989094874
38 15.0 0.37142857142857144 0.026173004106867254 0.5120708748615725
39 13.0 0.48717948717948717 0.00793347977257417 0.4587301587301587
40 20.0 0.39473684210526316 0.03898994086591191 0.5459268004722551
41 16.0 0.44166666666666665 0.02059224912211105 0.49667024704618684
42 18.0 0.39215686274509803 0.02372192018161089 0.5042529989094874
43 0.0 0.0 0.0 0.0
44 8.0 0.21428571428571427 0.010638290863246103 0.44936831875607386
45 6.0 0.4 0.004287542766574616 0.4289424860853432
46 0.0 0.0 0.0 0.0
47 7.0 0.42857142857142855 0.0026829690312033306 0.4261751152073733
48 6.0 0.8 0.0003207656823217464 0.39087066779374474
49 9.0 0.5277777777777778 0.007945999044105423 0.4317460317460317
50 8.0 0.75 0.001844892887290943 0.4207461328480437
51 14.0 0.6263736263736264 0.008263245505033393 0.5081318681318682
52 3.0 0.0 0.0021075762984623034 0.4077601410934744
53 12.0 0.6515151515151515 0.006196497643660112 0.4651911468812877
54 3.0 0.6666666666666666 7.036631077551793e-05 0.3590062111801242
55 12.0 0.6212121212121212 0.009290310627040319 0.4651911468812877
56 15.0 0.42857142857142855 0.02562991970448225 0.4929637526652452
57 14.0 0.4725274725274725 0.02531275926968866 0.48931216931216925
58 6.0 0.4 0.004050505555165465 0.40034632034632034
59 8.0 0.32142857142857145 0.011804062990576602 0.4374645222327342
60 3.0 1.0 0.0 0.3690343176376696
61 5.0 0.6 0.0005741885479895997 0.4077601410934744
62 2.0 1.0 0.0 0.3818331957060281
63 21.0 0.26666666666666666 0.0736447316101843 0.5004329004329005
64 23.0 0.35177865612648224 0.058887236408818336 0.5645909645909646
65 16.0 0.39166666666666666 0.07020077306526444 0.5201349831271092
66 5.0 1.0 0.0 0.3513677811550152
67 9.0 0.5277777777777778 0.008135553873588216 0.402787456445993
68 6.0 0.8666666666666667 0.0009864481585343842 0.37532467532467534
69 7.0 0.6190476190476191 0.0037508624273330155 0.3818331957060281
70 6.0 0.8666666666666667 0.0009864481585343842 0.37532467532467534
