0 56
0 34
0 41
0 35
0 9
0 44
0 27
0 66
0 13
0 55
0 32
0 33
0 69
0 34
0 25
1 30
1 35
1 1
1 14
1 12
1 38
1 4
1 61
1 38
1 17
1 61
1 38
1 30
1 22
1 22
1 54
1 50
1 22
1 37
1 68
2 21
2 34
2 55
2 59
2 51
2 12
2 37
2 64
2 70
2 41
3 67
3 10
3 30
3 58
3 27
3 56
3 29
3 9
3 51
3 42
3 58
3 47
3 10
3 50
3 30
3 27
3 32
3 50
3 27
3 38
3 44
3 30
3 42
4 53
4 40
4 52
4 19
4 49
4 35
4 7
4 56
4 36
4 66
4 13
4 53
4 38
4 47
4 33
5 39
5 9
5 12
5 54
5 37
5 45
5 21
5 39
5 9
5 70
5 50
5 45
5 40
5 56
5 47
5 12
6 5
6 22
6 34
6 26
6 33
6 8
6 0
7 65
7 33
7 51
7 51
7 33
7 43
7 15
7 50
7 61
7 23
7 56
8 16
8 38
8 0
8 27
8 42
8 46
8 6
8 17
8 29
8 34
8 30
9 30
9 64
9 29
9 3
9 35
9 8
9 53
9 14
9 37
9 38
9 35
9 7
9 51
10 37
10 29
10 1
10 66
10 57
10 41
10 30
10 31
10 56
10 2
10 32
10 69
10 32
10 51
10 26
10 9
10 56
11 65
11 50
11 33
11 57
11 37
11 22
11 19
11 22
11 51
11 26
11 23
11 32
11 50
11 40
11 64
11 27
11 65
11 30
11 35
12 14
12 44
12 31
12 29
12 49
12 65
12 65
12 68
12 54
12 5
12 14
12 2
12 1
12 34
12 9
12 20
12 45
12 29
12 5
12 2
12 60
12 24
12 49
12 44
12 53
12 14
12 65
12 19
12 69
12 0
12 54
13 52
13 1
13 51
13 28
13 39
13 51
13 28
13 1
13 40
13 63
13 59
13 45
13 36
13 57
13 25
13 63
13 60
14 63
14 54
14 40
14 3
14 3
14 44
14 51
14 54
14 40
14 24
14 24
14 5
14 64
14 24
14 41
14 50
14 64
15 2
15 67
15 61
15 58
15 34
15 20
15 15
15 57
15 7
15 48
15 39
15 51
15 18
15 19
15 4
15 43
15 25
15 48
15 13
15 62
15 68
15 38
16 67
16 16
16 67
16 8
16 40
16 64
16 22
16 56
16 16
16 67
16 67
16 3
16 40
16 42
16 57
16 64
16 31
16 22
16 3
16 70
16 4
16 34
16 16
16 65
16 8
16 17
16 50
16 69
17 16
17 48
17 32
17 55
17 44
17 29
17 54
17 47
17 1
18 56
18 26
18 41
18 35
18 40
18 57
18 55
18 27
18 32
18 57
18 40
18 8
18 22
18 55
18 38
18 37
18 15
18 40
18 38
18 54
18 65
18 65
18 47
18 41
19 5
19 19
19 32
19 45
19 57
19 41
19 39
19 7
19 29
19 62
19 32
19 40
19 62
19 12
19 29
19 70
20 70
20 59
20 47
20 64
20 9
20 48
20 41
20 1
20 47
20 20
20 70
20 38
20 12
20 9
20 28
20 33
20 33
20 39
21 15
21 26
21 15
21 18
21 57
21 37
21 13
21 31
21 29
21 11
21 17
21 20
21 2
21 26
21 22
21 69
21 23
22 13
22 56
22 23
22 25
22 19
22 1
22 27
22 29
22 27
22 36
22 33
22 6
22 23
22 23
22 27
23 33
23 31
23 64
23 38
23 23
23 33
23 49
23 23
23 64
23 4
23 2
23 23
23 2
23 57
23 35
23 24
23 31
23 23
23 4
23 23
23 33
23 19
23 38
23 35
23 34
23 33
23 33
23 45
23 6
24 12
24 10
24 55
24 25
24 26
24 25
24 61
24 38
24 38
24 45
24 7
24 9
24 40
24 59
25 25
25 24
25 13
25 19
25 56
25 48
25 44
25 25
25 57
25 22
25 33
25 15
25 19
25 66
25 33
25 62
25 17
25 63
25 50
25 63
25 69
25 33
25 0
25 13
25 47
25 41
25 49
25 68
25 58
25 48
25 19
25 2
25 33
25 13
25 48
25 2
25 63
25 58
26 34
26 21
26 56
26 51
26 65
26 53
26 27
26 26
26 47
26 51
26 44
26 27
26 7
26 37
26 38
26 26
26 59
26 68
26 21
26 11
26 49
26 29
26 53
27 56
27 12
27 40
27 38
27 10
27 54
27 51
27 31
27 66
27 3
27 3
27 12
27 51
27 50
27 63
27 66
27 70
27 42
27 52
27 63
27 37
27 67
27 20
27 37
27 26
28 49
28 67
28 28
28 12
28 34
28 12
28 50
28 57
28 22
28 5
28 42
28 61
28 67
28 22
28 64
28 54
29 56
29 59
29 53
29 57
29 66
29 39
29 57
29 65
29 21
29 21
29 39
29 54
29 66
29 46
29 8
29 65
29 69
29 9
29 52
29 20
29 53
29 55
29 69
30 57
30 9
30 55
30 25
30 16
30 42
30 42
30 25
30 64
30 30
30 66
30 13
30 18
30 18
30 56
30 9
30 14
30 1
30 38
31 31
31 27
31 52
31 22
31 65
31 37
31 23
31 64
31 16
31 42
31 51
31 51
31 28
31 33
31 12
31 22
31 23
31 36
32 27
32 10
32 49
32 19
32 10
32 18
32 27
32 26
32 49
32 42
32 14
32 10
32 1
32 70
32 14
32 54
32 64
32 36
33 4
33 0
33 42
33 37
33 29
33 51
33 46
33 15
33 57
33 29
33 38
33 67
33 1
33 30
33 31
33 34
33 20
34 63
34 28
34 61
34 33
34 47
34 55
34 16
34 33
34 14
34 60
34 49
34 23
34 41
34 20
34 12
34 6
34 40
34 47
35 47
35 65
35 50
35 62
35 21
35 1
35 65
35 4
35 48
35 52
35 15
36 3
36 44
36 27
36 21
36 35
36 23
37 21
37 29
37 19
37 50
37 50
37 14
37 29
37 27
37 61
37 62
37 26
37 20
37 58
37 67
37 31
37 29
38 63
38 38
38 15
38 14
38 31
38 20
38 32
38 19
38 33
38 50
38 33
38 9
38 26
38 30
38 66
39 38
39 49
39 21
39 33
39 17
39 66
39 20
39 66
39 62
39 38
39 22
39 2
39 32
39 57
39 29
39 47
39 28
39 0
40 13
40 16
40 11
40 15
40 45
40 13
40 31
40 29
40 27
40 8
40 29
40 1
40 19
40 69
40 29
40 11
40 31
40 4
40 1
40 18
40 33
40 33
40 14
40 32
40 36
40 29
40 70
40 34
41 25
41 64
41 50
41 64
41 59
41 57
41 57
41 14
41 18
41 70
41 4
41 2
41 35
41 19
41 18
41 25
41 0
41 45
41 50
41 31
41 19
41 4
41 32
42 37
42 69
42 70
42 16
42 24
42 42
42 31
42 41
42 64
42 45
42 37
42 61
42 53
42 33
42 59
42 9
43 24
43 65
43 12
43 53
44 32
44 20
44 25
44 46
44 26
44 12
44 62
44 55
44 12
44 70
44 25
44 11
44 23
44 37
45 12
45 0
45 64
45 65
45 65
45 17
45 54
45 23
45 0
46 55
46 50
46 51
46 18
47 61
47 67
47 20
47 29
47 4
47 40
47 21
47 56
47 40
47 19
47 26
47 40
47 30
47 62
47 55
47 55
48 37
48 4
48 14
48 15
48 69
48 49
48 5
48 27
48 47
48 29
48 8
48 39
48 35
49 47
49 55
49 6
49 37
49 1
49 2
49 28
49 16
49 70
49 56
49 39
49 18
49 23
50 23
50 25
50 25
50 18
50 67
50 25
50 41
50 18
50 23
50 19
50 24
50 25
50 46
50 10
50 47
50 64
50 11
50 8
50 61
50 25
51 26
51 19
51 31
51 0
51 0
51 14
51 29
51 1
51 5
51 42
51 24
51 44
51 59
51 31
51 26
51 3
51 11
51 10
51 69
51 62
52 62
52 15
52 3
53 60
53 27
53 33
53 64
53 18
53 19
53 16
53 16
53 26
53 23
53 13
53 1
53 14
54 50
54 17
54 7
54 23
54 31
54 32
54 33
54 6
54 23
54 41
54 11
54 41
54 69
54 13
54 63
54 11
54 59
54 61
54 1
54 63
54 43
54 1
54 43
55 27
55 62
55 52
55 58
55 43
55 69
55 32
55 31
55 11
55 48
55 29
55 28
55 29
55 4
55 55
55 34
55 9
55 7
55 11
55 18
55 69
55 32
55 29
55 58
56 27
56 52
56 49
56 5
56 5
56 45
56 29
56 60
56 7
56 14
56 13
56 35
56 11
56 52
56 5
56 21
57 28
57 55
57 25
57 42
57 10
57 65
57 41
57 0
57 28
57 42
57 44
57 40
58 40
58 15
58 25
58 16
58 1
58 3
58 21
58 25
59 12
59 30
59 22
59 28
59 23
59 1
59 41
59 37
59 56
59 69
59 51
59 27
59 5
59 31
60 40
60 13
60 3
61 33
61 3
61 51
61 53
61 30
61 68
61 33
61 19
61 40
61 39
61 16
62 40
62 47
62 17
62 48
62 16
62 11
62 52
62 53
62 7
63 67
63 37
63 19
63 22
63 22
63 26
63 34
63 25
63 70
63 66
63 3
63 37
63 32
63 54
63 31
63 16
64 32
64 16
64 30
64 24
64 18
64 64
64 33
64 27
64 28
64 36
64 24
64 34
64 31
64 28
64 11
64 24
64 11
64 64
64 11
64 33
64 18
64 17
64 36
64 19
64 19
65 3
65 33
65 12
65 33
65 65
65 19
65 66
65 1
65 33
65 2
65 32
65 9
65 15
65 65
65 12
65 35
65 15
65 29
65 8
65 32
65 45
65 26
66 4
66 45
66 24
66 4
66 29
66 6
66 61
66 44
66 58
66 59
66 41
67 50
67 51
67 35
67 64
67 51
67 27
67 14
67 59
67 64
67 54
67 59
67 3
68 16
68 31
68 53
68 22
68 53
68 34
68 23
68 55
69 22
69 41
69 43
69 40
69 15
69 48
69 40
69 55
69 47
69 57
70 63
70 40
70 30
70 23
70 26
70 0
70 62
70 35
70 26
70 40
70 0
