0 1
0 3
0 7
0 11
0 21
0 25
0 38
1 0
1 3
1 9
1 21
1 23
1 52
2 3
2 6
2 13
2 27
3 0
3 1
3 2
3 8
3 10
3 11
3 12
3 15
3 18
3 19
3 20
3 21
3 22
3 23
3 24
3 26
3 30
3 64
4 11
4 19
4 24
4 32
5 13
5 17
6 2
6 32
7 0
7 9
7 10
7 11
7 40
7 64
8 3
8 9
8 10
8 12
8 16
8 19
8 20
8 22
8 23
8 24
8 25
8 26
9 1
9 7
9 8
9 10
9 12
9 16
9 20
9 25
9 26
9 33
10 3
10 7
10 8
10 9
10 16
10 19
10 20
10 23
10 39
10 42
10 64
11 0
11 3
11 4
11 7
11 12
11 15
11 16
11 18
11 20
11 21
11 24
11 25
11 28
11 33
11 37
12 3
12 8
12 9
12 11
12 14
12 15
12 16
12 19
12 20
12 21
12 22
12 23
12 25
12 26
12 30
12 37
12 40
12 42
12 51
12 52
12 56
12 64
12 65
13 2
13 5
13 15
13 16
13 27
13 49
14 12
14 36
15 3
15 11
15 12
15 13
15 20
15 21
15 27
15 31
15 33
15 37
16 8
16 9
16 10
16 11
16 12
16 13
16 19
16 21
16 22
16 23
16 24
16 25
16 26
16 27
16 29
16 33
16 38
16 39
16 42
17 5
17 30
17 32
17 34
17 50
17 57
18 3
18 11
18 21
18 34
18 45
18 59
19 3
19 4
19 8
19 10
19 12
19 16
19 20
19 21
19 23
19 25
19 26
19 39
20 3
20 8
20 9
20 10
20 11
20 12
20 15
20 19
20 23
20 24
20 26
20 39
20 40
20 42
21 0
21 1
21 3
21 11
21 12
21 15
21 16
21 18
21 19
21 23
21 25
22 3
22 8
22 12
22 16
22 23
22 26
22 30
23 1
23 3
23 8
23 10
23 12
23 16
23 19
23 20
23 21
23 22
23 24
23 30
23 37
23 38
23 51
23 56
23 64
23 65
24 3
24 4
24 8
24 11
24 16
24 20
24 23
24 25
24 26
24 29
24 32
24 34
25 0
25 8
25 9
25 11
25 12
25 16
25 19
25 21
25 24
25 26
25 30
25 33
25 35
25 37
25 38
25 39
25 40
25 42
25 64
26 3
26 8
26 9
26 12
26 16
26 19
26 20
26 22
26 24
26 25
26 28
26 30
26 39
26 42
26 64
27 2
27 13
27 15
27 16
27 30
27 31
27 32
27 34
27 50
27 57
28 11
28 26
28 30
28 33
28 35
28 37
28 44
28 47
29 16
29 24
29 30
29 42
29 58
30 3
30 12
30 17
30 22
30 23
30 25
30 26
30 27
30 28
30 29
30 31
30 32
30 33
30 34
30 35
30 40
30 41
30 49
30 50
30 51
30 53
30 57
30 62
30 65
31 15
31 27
31 30
31 50
31 57
32 4
32 6
32 17
32 24
32 27
32 30
32 34
32 38
32 40
33 9
33 11
33 15
33 16
33 25
33 28
33 30
33 38
33 42
33 47
34 17
34 18
34 24
34 27
34 30
34 32
34 44
34 45
34 50
34 57
34 59
35 25
35 28
35 30
35 37
35 39
35 40
35 59
35 64
36 14
37 11
37 12
37 15
37 23
37 25
37 28
37 35
37 39
37 41
37 51
37 56
38 0
38 16
38 23
38 25
38 32
38 33
38 39
38 41
38 42
38 44
38 47
38 64
39 10
39 16
39 19
39 20
39 25
39 26
39 35
39 37
39 38
39 40
39 41
39 42
39 48
40 7
40 12
40 20
40 25
40 30
40 32
40 35
40 39
40 41
40 42
40 48
40 51
40 55
40 63
40 64
40 67
41 30
41 37
41 38
41 39
41 40
41 42
41 48
41 51
41 53
41 54
41 55
41 57
41 64
42 10
42 12
42 16
42 20
42 25
42 26
42 29
42 33
42 38
42 39
42 40
42 41
42 56
42 61
44 28
44 34
44 38
44 64
45 18
45 34
45 56
45 63
47 28
47 33
47 38
48 39
48 40
48 41
48 51
48 55
48 64
49 13
49 30
49 50
49 57
49 58
49 59
50 17
50 27
50 30
50 31
50 34
50 49
50 57
51 12
51 23
51 30
51 37
51 40
51 41
51 48
51 53
51 55
51 56
51 57
51 63
51 64
51 65
52 1
52 12
52 63
53 30
53 41
53 51
53 55
53 56
53 57
53 58
53 63
53 64
53 65
53 67
54 41
54 55
54 65
55 40
55 41
55 48
55 51
55 53
55 54
55 57
55 63
55 64
55 65
55 67
56 12
56 23
56 37
56 42
56 45
56 51
56 53
56 59
56 60
56 61
56 63
56 64
57 17
57 27
57 30
57 31
57 34
57 41
57 49
57 50
57 51
57 53
57 55
57 58
57 64
58 29
58 49
58 53
58 57
58 63
59 18
59 34
59 35
59 49
59 56
59 60
59 63
60 56
60 59
60 63
61 42
61 56
61 63
61 64
62 30
63 40
63 45
63 51
63 52
63 53
63 55
63 56
63 58
63 59
63 60
63 61
63 64
63 65
63 68
63 69
63 70
64 3
64 7
64 10
64 12
64 23
64 25
64 26
64 35
64 38
64 40
64 41
64 44
64 48
64 51
64 53
64 55
64 56
64 57
64 61
64 63
64 65
65 12
65 23
65 30
65 51
65 53
65 54
65 55
65 63
65 64
65 66
65 67
65 68
65 70
66 65
66 67
66 68
67 40
67 53
67 55
67 65
67 66
67 68
67 69
67 70
68 63
68 65
68 66
68 67
68 69
68 70
69 63
69 67
69 68
70 63
70 65
70 67
70 68
