0 15
0 18
0 19
0 21
0 25
0 38
0 39
0 40
0 53
0 55
0 64
1 6
1 9
1 14
1 15
1 16
1 18
1 21
1 25
1 28
1 33
1 42
1 43
1 44
1 48
1 52
1 61
1 63
2 6
2 13
2 17
2 24
2 27
2 29
2 34
3 8
3 13
3 14
3 15
3 16
3 18
3 20
3 21
3 22
3 23
3 25
3 27
3 28
3 36
3 39
3 40
3 42
3 44
3 45
3 51
3 60
3 61
3 62
3 63
3 64
3 69
4 17
4 19
4 23
4 27
4 32
4 37
4 38
4 49
4 50
4 57
4 58
5 14
5 17
5 18
5 23
5 24
5 27
5 29
5 30
5 31
5 37
5 42
5 45
5 49
5 50
5 53
5 57
5 62
5 64
5 67
6 1
6 2
6 13
6 15
6 27
6 30
6 43
6 62
6 63
7 9
7 10
7 14
7 23
7 25
7 30
7 38
7 42
7 51
8 3
8 10
8 11
8 14
8 15
8 16
8 18
8 19
8 23
8 26
8 28
8 30
8 41
8 48
8 62
9 1
9 7
9 14
9 15
9 16
9 19
9 25
9 28
9 33
9 35
9 36
9 44
9 45
9 52
9 59
9 61
9 63
10 7
10 8
10 16
10 20
10 28
10 38
10 39
10 40
10 42
10 44
10 48
10 55
10 64
10 65
10 69
11 8
11 14
11 15
11 18
11 25
11 28
11 33
11 37
11 41
11 48
11 59
11 60
11 61
11 69
12 14
12 19
12 23
12 25
12 31
12 32
12 35
12 36
12 37
12 38
12 39
12 40
12 42
12 44
12 48
12 50
12 51
12 52
12 53
12 54
12 55
12 56
12 63
12 64
12 65
12 66
12 70
13 2
13 3
13 6
13 14
13 15
13 16
13 17
13 19
13 24
13 25
13 27
13 29
13 30
13 33
13 34
13 45
13 49
13 62
14 1
14 3
14 5
14 7
14 8
14 9
14 11
14 12
14 13
14 15
14 16
14 18
14 19
14 21
14 23
14 26
14 27
14 28
14 29
14 31
14 33
14 37
14 43
14 46
14 47
14 56
14 61
14 62
14 65
14 69
14 70
15 0
15 1
15 3
15 6
15 8
15 9
15 11
15 13
15 14
15 16
15 21
15 23
15 24
15 25
15 26
15 29
15 31
15 33
15 35
15 36
15 41
15 49
15 52
15 55
15 60
15 61
15 63
16 1
16 3
16 8
16 9
16 10
16 13
16 14
16 15
16 18
16 21
16 23
16 24
16 25
16 27
16 28
16 38
16 41
16 42
16 44
16 47
16 49
16 62
17 2
17 4
17 5
17 13
17 31
17 32
17 34
17 49
17 50
17 57
17 58
17 62
18 0
18 1
18 3
18 5
18 8
18 11
18 14
18 16
18 20
18 21
18 23
18 27
18 28
18 29
18 31
18 33
18 34
18 36
18 44
18 45
18 47
18 52
18 55
18 59
18 60
18 64
18 65
18 67
18 69
18 70
19 0
19 4
19 8
19 9
19 12
19 13
19 14
19 21
19 23
19 24
19 25
19 27
19 29
19 30
19 34
19 39
19 42
19 67
20 3
20 10
20 18
20 23
20 25
20 26
20 30
20 39
20 40
20 42
20 48
20 54
20 56
20 65
20 67
21 0
21 1
21 3
21 14
21 15
21 16
21 18
21 19
21 23
21 25
21 27
21 30
21 33
21 37
21 38
21 39
21 40
21 42
21 44
21 46
21 50
21 53
21 54
21 55
21 56
21 59
21 63
21 65
21 68
21 70
22 3
22 30
22 39
22 40
22 46
22 48
22 51
22 53
22 54
22 55
22 56
22 65
23 3
23 4
23 5
23 7
23 8
23 12
23 14
23 15
23 16
23 18
23 19
23 20
23 21
23 25
23 27
23 28
23 29
23 33
23 34
23 37
23 38
23 39
23 42
23 43
23 45
23 47
23 53
23 54
23 55
23 56
23 61
23 63
23 70
24 2
24 5
24 13
24 15
24 16
24 19
24 27
24 29
24 30
24 44
24 47
24 49
24 62
25 0
25 1
25 3
25 7
25 9
25 11
25 12
25 13
25 15
25 16
25 19
25 20
25 21
25 23
25 26
25 28
25 29
25 31
25 33
25 38
25 39
25 40
25 42
25 48
25 51
25 53
25 54
25 55
25 61
25 62
25 65
25 67
25 68
25 70
26 8
26 14
26 15
26 20
26 25
26 31
26 37
26 39
26 42
26 48
26 51
26 54
26 55
26 64
26 67
26 70
27 2
27 3
27 4
27 5
27 6
27 13
27 14
27 16
27 18
27 19
27 21
27 23
27 24
27 28
27 29
27 30
27 34
27 41
27 44
27 45
27 50
27 57
27 59
27 62
27 65
27 69
28 1
28 3
28 8
28 9
28 10
28 11
28 14
28 16
28 18
28 23
28 25
28 27
28 33
28 36
28 40
28 41
28 44
28 45
28 47
28 49
28 59
28 60
28 61
28 62
28 64
28 69
29 2
29 5
29 13
29 14
29 15
29 18
29 19
29 23
29 24
29 25
29 27
29 31
29 34
29 35
29 37
29 45
29 46
29 50
29 56
29 57
29 58
29 62
29 64
29 66
29 68
30 5
30 6
30 7
30 8
30 13
30 19
30 20
30 21
30 22
30 24
30 27
30 31
30 32
30 34
30 38
30 45
30 49
30 50
30 51
30 54
30 57
30 58
30 62
31 5
31 12
31 14
31 15
31 17
31 18
31 25
31 26
31 29
31 30
31 32
31 33
31 34
31 36
31 38
31 44
31 49
31 50
31 58
31 62
31 68
32 4
32 12
32 17
32 30
32 31
32 49
32 50
32 51
32 56
32 57
32 58
33 1
33 9
33 11
33 13
33 14
33 15
33 18
33 21
33 23
33 25
33 28
33 31
33 41
33 44
33 45
33 52
33 59
33 61
33 63
33 69
34 2
34 13
34 17
34 18
34 19
34 23
34 27
34 29
34 30
34 31
34 44
34 45
34 46
34 59
34 62
34 69
35 9
35 12
35 15
35 29
35 37
35 42
35 53
35 54
35 60
35 64
35 65
36 3
36 9
36 12
36 15
36 18
36 28
36 31
36 44
36 46
37 4
37 5
37 11
37 12
37 14
37 21
37 23
37 26
37 29
37 35
37 41
37 51
37 54
37 56
37 64
37 66
38 0
38 4
38 7
38 10
38 12
38 16
38 21
38 23
38 25
38 30
38 31
38 41
38 44
38 50
38 51
38 64
38 65
38 67
38 68
39 0
39 3
39 10
39 12
39 19
39 20
39 21
39 22
39 23
39 25
39 26
39 42
39 48
39 51
39 53
39 65
39 66
39 70
40 0
40 3
40 10
40 12
40 20
40 21
40 22
40 25
40 28
40 42
40 51
40 53
40 65
40 67
41 8
41 11
41 15
41 16
41 27
41 28
41 33
41 37
41 38
41 42
41 44
41 47
41 60
42 1
42 3
42 5
42 7
42 10
42 12
42 16
42 19
42 20
42 21
42 23
42 25
42 26
42 35
42 39
42 40
42 41
42 51
42 54
42 56
42 61
42 68
43 1
43 6
43 14
43 23
43 52
44 1
44 3
44 9
44 10
44 12
44 16
44 18
44 21
44 24
44 27
44 28
44 31
44 33
44 34
44 36
44 38
44 41
44 45
44 59
44 61
44 69
45 3
45 5
45 9
45 13
45 18
45 23
45 27
45 28
45 29
45 30
45 33
45 34
45 44
45 59
45 69
46 14
46 21
46 22
46 29
46 34
46 36
46 57
46 70
47 14
47 16
47 18
47 23
47 24
47 28
47 41
47 61
48 1
48 8
48 10
48 11
48 12
48 20
48 22
48 25
48 26
48 39
48 55
48 64
48 65
48 66
48 68
48 70
49 4
49 5
49 13
49 15
49 16
49 17
49 24
49 28
49 30
49 31
49 32
49 65
49 70
50 4
50 5
50 12
50 17
50 21
50 27
50 29
50 30
50 31
50 32
50 38
50 53
50 57
50 58
51 3
51 7
51 12
51 22
51 25
51 26
51 30
51 32
51 37
51 38
51 39
51 40
51 42
51 54
51 55
51 64
51 65
51 70
52 1
52 9
52 12
52 15
52 18
52 33
52 43
52 63
53 0
53 5
53 12
53 21
53 22
53 23
53 25
53 35
53 39
53 40
53 50
53 57
53 58
53 64
53 65
54 12
54 20
54 21
54 22
54 23
54 25
54 26
54 30
54 35
54 37
54 42
54 51
54 64
54 67
55 0
55 10
55 12
55 15
55 18
55 21
55 22
55 23
55 25
55 26
55 48
55 51
55 64
55 65
56 12
56 14
56 20
56 21
56 22
56 23
56 29
56 32
56 37
56 42
56 65
56 67
57 4
57 5
57 17
57 27
57 29
57 30
57 32
57 46
57 50
57 53
57 58
58 4
58 17
58 29
58 30
58 31
58 32
58 50
58 53
58 57
59 9
59 11
59 18
59 21
59 27
59 28
59 33
59 34
59 44
59 45
59 60
59 61
59 69
60 3
60 11
60 15
60 18
60 28
60 35
60 41
60 59
61 1
61 3
61 9
61 11
61 14
61 15
61 23
61 25
61 28
61 33
61 42
61 44
61 47
61 59
62 3
62 5
62 6
62 8
62 13
62 14
62 16
62 17
62 24
62 25
62 27
62 28
62 29
62 30
62 31
62 34
63 1
63 3
63 6
63 9
63 12
63 15
63 21
63 23
63 33
63 52
63 65
64 0
64 3
64 5
64 10
64 12
64 18
64 26
64 28
64 29
64 35
64 37
64 38
64 48
64 51
64 53
64 54
64 55
64 65
65 10
65 12
65 14
65 18
65 20
65 21
65 22
65 25
65 27
65 35
65 38
65 39
65 40
65 48
65 49
65 51
65 53
65 55
65 56
65 63
65 64
65 66
65 67
65 69
65 70
66 12
66 29
66 37
66 39
66 48
66 65
66 67
67 5
67 18
67 19
67 20
67 25
67 26
67 38
67 40
67 54
67 56
67 65
67 66
67 68
67 70
68 21
68 25
68 29
68 31
68 38
68 42
68 48
68 67
69 3
69 10
69 11
69 14
69 18
69 27
69 28
69 33
69 34
69 44
69 45
69 59
69 65
70 12
70 14
70 18
70 21
70 23
70 25
70 26
70 39
70 46
70 48
70 49
70 51
70 65
70 67
