0 48
0 42
0 51
0 65
0 66
0 17
0 20
0 51
0 54
0 20
0 66
0 51
0 44
0 9
0 48
1 47
1 39
1 59
1 66
1 29
1 30
1 24
1 19
1 70
1 38
1 3
1 30
1 34
1 3
1 70
1 68
1 50
1 40
2 23
2 31
2 19
2 46
2 30
2 23
2 23
3 17
3 4
3 59
3 4
3 12
3 31
3 58
3 67
3 59
3 41
3 9
3 41
3 3
3 2
3 49
3 32
3 5
3 24
3 0
3 37
3 50
3 53
3 52
3 46
3 10
3 29
3 37
3 54
3 7
3 49
3 35
4 14
4 41
4 39
4 14
4 33
4 45
4 43
4 45
4 12
4 22
4 12
4 11
4 70
4 56
4 0
4 12
5 47
5 35
5 33
5 28
5 3
5 70
5 21
5 44
5 40
5 21
5 34
5 10
5 70
5 3
5 3
5 60
5 41
5 65
5 51
5 51
5 65
6 42
6 48
6 21
6 23
6 54
6 64
6 42
6 21
6 37
6 40
6 70
7 5
7 3
7 58
7 43
7 26
7 13
7 33
7 19
7 44
7 29
7 27
7 13
7 26
8 6
8 5
8 29
8 9
8 64
8 46
8 65
8 39
8 35
8 68
8 9
8 27
8 63
8 69
8 12
8 34
8 21
8 17
8 21
9 9
9 8
9 54
9 55
9 68
9 46
9 42
9 51
9 51
9 13
9 20
9 64
9 50
9 20
9 51
9 43
9 17
9 42
9 26
9 37
9 42
9 24
9 65
10 17
10 1
10 34
10 12
10 13
10 14
10 10
10 18
10 18
10 4
10 34
10 51
10 62
10 29
10 30
10 60
10 31
10 4
10 6
11 24
11 68
11 34
11 45
11 5
11 35
11 54
11 65
11 31
11 30
11 10
11 23
11 21
11 22
11 50
11 42
11 44
11 66
11 19
12 45
12 3
12 27
12 7
12 17
12 28
12 46
12 27
12 18
12 69
12 27
12 41
12 21
12 1
12 68
12 69
12 60
12 26
12 34
12 21
12 34
12 16
12 9
12 26
12 1
12 5
12 69
12 1
12 49
12 24
12 18
12 17
13 10
13 44
13 70
13 67
13 28
13 61
13 12
13 9
13 9
13 8
13 70
13 50
13 10
13 41
13 35
13 42
13 65
13 26
13 60
13 42
13 64
13 7
14 58
14 41
14 30
14 38
14 44
14 38
14 17
14 32
14 44
14 4
14 44
14 57
14 14
14 45
14 42
14 50
14 10
14 51
14 58
14 30
14 0
14 45
14 30
14 48
14 38
14 52
14 14
14 42
14 30
14 68
14 41
14 64
14 53
14 0
14 39
14 10
14 53
15 12
15 53
15 27
15 7
15 62
15 18
15 30
15 17
15 7
15 51
15 65
15 44
15 18
15 57
15 56
15 59
15 56
15 57
15 7
15 38
15 18
15 5
15 10
15 32
15 15
15 51
15 48
15 56
15 65
15 19
15 50
15 18
15 27
16 16
16 17
16 51
16 31
16 6
16 53
16 4
16 22
16 7
16 20
16 4
16 51
16 35
16 50
16 67
16 55
16 65
16 34
16 53
16 7
16 65
16 46
16 64
16 56
16 69
16 17
16 37
16 65
16 31
16 4
16 37
17 39
17 17
17 60
17 29
17 43
17 59
17 19
17 45
17 9
17 22
17 63
17 25
17 15
17 14
17 48
18 37
18 30
18 50
18 62
18 15
18 39
18 30
18 18
18 56
18 24
18 9
18 68
18 12
18 57
18 26
18 32
18 50
18 4
18 51
18 51
18 40
18 12
18 15
18 12
18 4
18 50
18 35
18 66
18 18
18 30
18 12
18 62
18 24
18 58
18 12
18 26
18 15
19 28
19 32
19 36
19 45
19 6
19 44
19 1
19 51
19 40
19 65
19 36
19 59
19 69
19 38
19 38
19 10
19 28
19 61
19 19
19 44
19 40
19 19
19 70
20 68
20 0
20 50
20 9
20 27
20 4
20 43
20 68
20 0
20 8
20 61
20 59
20 55
20 47
20 34
20 55
20 34
21 35
21 8
21 6
21 12
21 21
21 43
21 69
21 29
21 5
21 47
21 29
21 58
21 32
21 28
21 2
21 28
21 43
21 20
21 5
21 8
21 58
21 66
21 10
21 49
21 45
21 7
21 28
21 45
21 62
21 66
21 28
21 60
21 60
21 10
21 11
21 49
22 31
22 44
22 42
22 23
22 61
22 69
22 70
22 27
22 14
22 61
22 49
22 31
23 52
23 23
23 31
23 23
23 10
23 41
23 41
23 10
23 23
23 49
23 59
23 48
23 36
23 23
23 23
23 69
23 41
23 60
23 10
23 44
23 13
23 17
23 6
23 57
23 10
23 57
23 62
23 59
23 67
23 67
23 23
23 23
23 23
23 49
23 44
23 60
23 48
23 60
23 32
23 60
23 31
23 59
23 10
23 36
23 22
24 48
24 8
24 54
24 12
24 41
24 67
24 25
24 57
24 43
24 55
24 14
24 12
24 1
24 10
24 42
24 20
25 36
25 56
25 30
25 69
25 6
25 49
25 45
25 57
25 4
25 44
25 45
25 58
25 52
25 63
25 25
25 2
25 5
25 56
25 25
25 56
25 52
25 34
25 32
25 69
25 6
25 69
25 52
25 24
25 59
25 56
25 34
25 63
25 25
25 4
25 5
25 63
25 45
25 25
25 30
25 25
25 5
25 17
25 49
26 5
26 2
26 50
26 27
26 0
26 26
26 3
26 3
26 35
26 60
26 34
26 69
26 18
26 60
26 6
26 26
26 69
26 41
26 66
27 37
27 39
27 40
27 43
27 38
27 52
27 68
27 27
27 53
27 38
27 1
27 27
27 42
27 51
27 7
27 47
27 51
27 42
27 55
27 22
27 1
27 35
27 66
27 46
27 56
27 12
27 53
27 15
27 10
27 11
27 48
27 42
28 56
28 24
28 38
28 55
28 70
28 66
28 21
28 50
28 22
28 66
28 51
28 53
28 30
28 38
28 12
28 51
28 53
28 12
28 30
28 24
28 58
28 30
28 65
28 13
28 57
28 37
28 26
29 69
29 55
29 36
29 32
29 10
29 69
29 70
29 65
29 67
29 47
29 41
29 17
29 3
29 47
29 8
29 17
29 65
29 21
29 59
29 21
29 28
29 16
29 12
29 9
29 7
29 11
29 33
30 67
30 48
30 1
30 65
30 1
30 48
30 14
30 11
30 46
30 14
30 65
30 55
30 67
30 30
30 42
30 25
30 67
30 14
30 33
30 40
30 66
30 48
30 44
30 67
30 30
30 65
30 14
30 66
30 16
30 55
30 48
30 30
31 41
31 55
31 19
31 56
31 3
31 43
31 20
31 3
31 40
31 54
31 23
31 66
31 65
31 64
31 19
31 64
31 67
31 0
31 16
31 31
31 23
31 66
31 41
31 10
31 20
31 24
31 19
32 29
32 38
32 65
32 7
32 9
32 3
32 69
32 66
32 35
32 32
32 60
32 0
32 64
33 42
33 35
33 17
33 36
33 5
33 67
33 5
33 24
33 22
33 42
33 33
33 22
33 57
33 29
33 32
33 42
33 24
33 50
33 4
33 26
33 4
33 35
33 62
33 33
33 36
34 70
34 40
34 10
34 15
34 64
34 41
34 21
34 4
34 12
34 38
34 20
34 26
34 0
34 56
34 16
34 28
34 11
34 7
34 25
34 1
35 48
35 38
35 18
35 16
35 1
35 21
35 31
35 31
35 62
35 20
35 62
35 21
35 21
35 1
35 8
35 28
35 48
35 32
36 39
36 23
36 25
36 19
36 42
36 25
36 39
36 56
36 4
36 30
37 31
37 16
37 42
37 65
37 16
37 34
37 44
37 19
37 38
37 30
37 27
37 57
37 28
37 50
37 30
37 45
37 32
37 30
37 27
37 9
37 47
37 44
37 61
37 6
37 50
38 53
38 43
38 13
38 13
38 42
38 19
38 37
38 38
38 20
38 17
38 11
38 53
38 49
38 15
38 61
38 32
38 60
38 55
38 62
38 54
38 6
39 31
39 30
39 44
39 61
39 8
39 49
39 55
39 56
39 41
39 63
39 52
39 6
39 5
39 63
39 24
39 40
39 7
39 30
39 56
39 27
39 44
40 19
40 14
40 68
40 37
40 31
40 31
40 11
40 15
40 58
40 15
40 34
40 30
40 33
40 15
40 35
40 24
40 45
40 27
40 37
40 27
40 37
40 62
41 56
41 25
41 3
41 30
41 31
41 19
41 39
41 0
41 9
41 17
41 55
41 69
41 3
41 1
42 42
42 65
42 58
42 37
42 9
42 70
42 34
42 70
42 53
42 36
42 45
42 4
42 48
42 48
42 53
42 8
42 14
42 8
42 15
42 59
42 30
42 32
42 49
42 59
42 57
42 47
42 2
43 5
43 4
43 59
43 54
43 44
43 50
43 70
43 20
43 47
44 44
44 15
44 13
44 15
44 20
44 51
44 23
44 52
44 14
44 49
44 23
44 56
44 56
44 7
44 14
44 46
44 25
44 62
44 32
44 53
44 32
44 70
44 15
44 65
45 45
45 42
45 21
45 21
45 25
45 37
45 45
45 17
45 41
45 14
45 16
45 11
45 21
45 48
45 11
45 12
46 30
46 3
46 53
46 64
46 61
46 1
46 48
46 56
46 1
47 26
47 11
47 22
47 27
47 49
47 37
47 27
47 10
47 54
47 45
48 3
48 63
48 63
48 18
48 53
48 31
48 0
48 16
48 33
48 67
48 16
48 28
48 3
48 4
48 46
48 45
48 41
48 19
48 38
48 45
48 28
48 15
49 50
49 29
49 52
49 44
49 0
49 25
49 23
49 29
49 48
49 47
49 67
49 12
49 25
49 25
49 12
49 9
49 3
50 6
50 23
50 39
50 20
50 33
50 25
50 25
50 23
50 14
50 45
50 52
50 8
50 61
50 69
51 69
51 15
51 57
51 15
51 27
51 16
51 18
51 15
51 18
51 10
51 19
51 11
51 18
51 6
51 1
51 60
51 36
51 60
51 69
51 61
51 8
51 19
51 19
51 33
52 27
52 5
52 51
52 13
52 30
52 29
52 8
52 64
52 19
52 64
53 27
53 3
53 31
53 47
53 54
53 53
53 27
53 26
53 8
53 53
53 45
53 41
53 67
53 30
53 7
53 56
53 27
53 53
53 1
53 67
53 43
54 49
54 50
54 16
54 16
54 39
54 52
54 34
54 28
54 32
54 16
54 5
54 59
54 39
54 31
54 9
54 63
54 38
54 34
55 24
55 31
55 47
55 30
55 55
55 16
55 13
55 63
55 31
55 56
55 36
55 20
55 11
55 35
55 54
55 67
55 54
56 38
56 69
56 25
56 35
56 55
56 52
56 27
56 48
56 54
56 15
56 38
56 56
56 68
56 19
56 27
56 61
56 57
57 11
57 67
57 0
57 34
57 15
57 1
57 21
57 42
57 66
57 23
57 25
57 41
57 19
58 25
58 12
58 58
58 51
58 65
58 25
58 49
58 46
58 19
58 14
59 38
59 19
59 7
59 17
59 23
59 48
59 25
59 68
59 30
59 25
59 10
59 36
59 50
59 25
59 0
60 70
60 37
60 19
60 25
60 58
60 10
60 31
60 24
60 37
60 56
60 47
60 1
61 12
61 31
61 45
61 40
61 45
61 64
61 67
61 40
61 12
61 55
61 39
61 34
61 49
61 12
61 26
61 29
61 69
61 45
62 19
62 40
62 43
62 53
62 41
62 63
62 33
62 19
62 39
62 59
62 62
62 18
62 44
62 11
62 70
62 38
62 23
63 16
63 61
63 63
63 69
63 55
63 31
63 64
63 20
63 62
63 60
63 34
63 51
64 13
64 62
64 8
64 69
64 63
64 62
64 16
64 16
64 69
64 20
64 42
64 43
64 58
64 44
64 24
64 49
64 27
64 42
64 16
64 41
64 69
64 13
64 20
64 20
64 15
64 14
65 29
65 0
65 31
65 47
65 3
65 36
65 33
65 44
65 3
65 33
65 31
65 37
65 24
65 62
65 34
65 34
65 65
65 6
65 57
65 65
65 31
65 46
65 19
65 31
65 29
65 16
65 9
65 44
65 8
66 21
66 38
66 22
66 21
66 38
66 51
66 28
66 61
66 11
66 1
66 63
67 50
67 60
67 58
67 13
67 29
67 43
67 29
67 29
67 14
67 47
67 10
67 24
67 58
67 8
67 28
67 57
67 14
67 22
67 55
67 31
67 23
67 14
67 67
67 53
67 28
68 61
68 5
68 68
68 44
68 61
68 51
68 23
68 30
68 56
68 2
69 55
69 8
69 47
69 51
69 21
69 49
69 21
69 16
69 53
69 8
69 57
69 25
69 35
69 42
69 25
69 60
69 19
69 25
69 41
70 35
70 56
70 7
70 15
70 29
70 17
70 15
70 3
70 5
70 30
70 22
70 33
70 29
70 9
70 5
70 62
