0 13
0 47
0 14
0 43
0 2
0 54
0 55
0 27
0 14
0 12
0 59
0 59
0 54
0 55
0 51
0 52
0 2
0 8
0 9
0 8
0 37
0 67
1 53
1 62
1 49
1 44
1 36
1 57
1 8
1 44
1 59
1 53
1 55
1 30
1 65
1 30
1 70
1 8
1 12
1 32
1 37
1 45
1 27
1 31
1 66
1 12
2 25
2 44
2 34
2 35
2 68
2 49
2 9
2 54
2 50
2 50
2 12
3 53
3 37
3 33
3 51
3 56
3 56
3 35
3 49
3 63
3 66
3 42
3 32
3 66
3 48
3 32
3 4
3 45
3 56
3 54
3 24
3 48
3 63
3 36
3 3
3 51
3 14
3 65
4 67
4 65
4 66
4 39
4 8
4 64
4 16
4 18
4 28
4 24
4 55
4 12
4 4
4 64
4 13
4 4
4 2
4 24
4 64
4 18
5 8
5 10
5 70
5 47
5 54
5 61
5 7
5 45
5 16
5 11
5 20
5 21
5 36
5 65
5 10
5 51
5 5
5 55
5 7
5 36
5 70
6 18
6 12
6 41
6 51
6 10
6 7
6 59
6 26
6 65
7 65
7 28
7 55
7 33
7 1
7 65
7 50
7 50
7 20
7 30
7 14
7 7
7 18
7 68
8 23
8 54
8 31
8 29
8 27
8 12
8 7
8 27
8 57
8 36
8 54
8 34
8 37
8 65
8 40
9 20
9 64
9 56
9 40
9 34
9 10
9 37
9 14
9 45
9 17
9 0
9 56
9 22
9 29
9 18
9 20
10 59
10 49
10 15
10 19
10 30
10 28
10 30
10 51
10 41
10 68
10 30
10 5
10 1
10 68
10 31
10 21
10 1
10 35
10 1
10 29
11 51
11 32
11 26
11 4
11 0
11 38
11 51
11 19
11 62
11 4
11 11
11 4
11 26
11 69
11 20
11 48
11 29
11 50
11 11
11 39
11 62
11 32
11 64
11 54
11 66
11 26
11 38
12 49
12 31
12 1
12 29
12 44
12 0
12 31
12 0
12 12
12 29
12 49
12 8
12 62
12 21
12 58
12 61
12 21
12 21
12 21
12 9
12 13
12 6
12 5
12 68
12 1
12 28
12 6
12 31
12 69
12 59
12 24
12 69
12 9
12 21
12 12
12 45
12 12
12 9
12 1
12 21
13 26
13 39
13 26
13 68
13 45
13 32
13 69
13 70
13 35
13 32
13 54
13 40
13 12
13 66
13 38
13 17
13 1
13 20
14 51
14 51
14 49
14 38
14 9
14 70
14 29
14 7
14 38
14 41
14 51
14 58
14 49
14 55
14 41
14 32
14 58
14 48
14 41
14 64
14 55
14 14
14 50
15 30
15 65
15 51
15 38
15 51
15 32
15 51
15 2
15 42
15 65
15 40
15 51
15 39
15 39
15 55
15 42
15 29
15 56
15 29
15 10
15 19
15 57
15 40
15 70
15 40
15 61
15 19
15 48
15 64
15 20
15 7
15 53
15 32
15 62
16 6
16 55
16 17
16 53
16 69
16 66
16 70
16 53
16 62
16 51
16 56
16 5
16 65
16 30
16 49
16 62
16 53
16 32
16 30
16 57
16 51
16 55
16 54
16 26
16 4
16 61
16 32
16 64
16 22
16 69
16 42
17 23
17 53
17 21
17 8
17 14
17 61
17 39
17 42
17 20
17 0
17 17
17 16
17 11
18 54
18 13
18 24
18 40
18 51
18 40
18 55
18 51
18 48
18 51
18 64
18 48
18 49
18 26
18 37
18 53
18 18
18 4
18 61
18 46
18 4
18 64
18 26
18 30
18 13
18 62
18 51
18 32
18 4
18 18
18 9
19 53
19 10
19 32
19 63
19 38
19 47
19 10
19 5
19 33
19 45
19 65
19 65
19 15
19 37
19 62
19 32
19 27
19 19
19 32
19 15
19 27
19 52
19 66
19 27
19 47
19 51
20 27
20 59
20 45
20 45
20 6
20 7
20 68
20 34
20 62
20 61
20 27
20 27
20 34
20 5
20 1
20 1
20 63
20 2
20 68
20 41
20 62
20 64
20 63
20 68
21 42
21 9
21 39
21 12
21 44
21 37
21 57
21 52
21 35
21 10
21 44
21 59
21 11
21 4
21 21
21 68
21 4
21 34
21 41
21 26
21 37
21 28
21 56
21 10
21 51
21 23
21 39
21 34
22 48
22 16
22 59
22 42
22 53
22 57
22 38
22 70
22 58
22 69
22 16
22 44
22 11
22 39
22 33
22 15
22 66
23 4
23 62
23 59
23 68
23 53
23 14
23 48
23 67
23 67
23 62
23 21
23 34
23 44
23 14
23 38
23 45
23 53
23 4
23 23
23 44
23 67
23 34
23 4
23 45
23 23
23 61
23 50
23 33
23 22
23 14
23 50
23 57
23 28
23 6
23 22
23 4
24 14
24 51
24 1
24 30
24 24
24 59
24 40
24 6
24 40
24 17
24 1
24 67
24 39
24 48
25 44
25 47
25 69
25 57
25 62
25 63
25 2
25 25
25 49
25 2
25 2
25 36
25 49
25 50
25 70
25 69
25 43
25 2
25 47
25 13
25 45
25 58
25 25
25 58
25 56
25 17
25 44
25 22
25 66
25 25
25 43
25 70
25 57
25 62
25 44
25 50
25 50
25 49
25 25
25 46
25 25
25 69
25 66
25 24
25 49
25 63
26 63
26 18
26 70
26 34
26 57
26 37
26 30
26 18
26 29
26 51
26 45
26 58
26 16
26 16
26 34
26 70
26 27
26 63
26 65
26 16
26 27
26 53
26 51
26 11
26 35
26 61
26 26
27 56
27 37
27 8
27 56
27 59
27 27
27 63
27 39
27 1
27 32
27 37
27 63
27 22
27 20
27 58
27 19
27 50
27 54
27 40
27 1
27 46
27 51
27 40
27 20
27 9
27 50
27 20
27 8
27 32
27 38
27 68
28 31
28 4
28 5
28 59
28 65
28 23
28 12
28 46
28 42
28 56
28 17
28 64
28 45
28 12
28 67
28 10
28 34
28 67
28 32
28 64
28 42
29 26
29 33
29 39
29 47
29 7
29 67
29 56
29 37
29 14
29 3
29 6
29 12
29 1
29 70
29 3
29 39
29 8
29 70
29 14
29 65
29 44
29 51
29 55
29 59
29 63
29 15
29 56
30 59
30 9
30 36
30 36
30 65
30 41
30 15
30 1
30 38
30 0
30 47
30 11
30 18
30 0
30 53
30 33
30 15
30 66
30 1
30 55
30 37
30 6
30 65
30 67
30 69
31 54
31 6
31 64
31 39
31 40
31 51
31 51
31 33
31 41
31 65
31 36
31 53
31 24
31 1
31 23
31 67
31 48
31 23
31 51
31 36
31 28
32 65
32 48
32 15
32 38
32 54
32 69
32 39
32 52
32 16
32 27
32 51
32 26
32 5
32 49
32 19
32 39
32 51
32 15
32 15
32 65
32 55
32 39
33 7
33 70
33 4
33 53
33 5
33 34
33 65
33 5
33 23
33 67
33 50
33 5
33 64
33 54
33 67
33 4
33 56
33 29
33 40
33 3
33 23
33 34
33 29
33 33
33 10
33 54
34 2
34 23
34 40
34 38
34 26
34 69
34 16
34 12
34 12
34 40
34 56
34 1
34 36
34 40
34 57
34 38
34 34
34 39
34 40
34 52
34 58
34 70
34 7
35 5
35 26
35 65
35 24
35 18
35 13
35 22
35 34
35 2
35 21
35 10
35 22
35 18
35 6
35 26
35 55
35 38
36 23
36 40
36 16
36 8
36 4
36 65
36 4
37 20
37 28
37 16
37 26
37 14
37 26
37 19
37 16
37 70
37 18
37 28
37 67
37 4
37 16
37 42
37 62
37 3
37 3
37 27
38 18
38 33
38 46
38 23
38 18
38 24
38 48
38 22
38 35
38 1
38 28
38 13
38 26
38 11
38 13
38 45
38 58
38 20
38 17
38 7
38 30
38 9
39 52
39 8
39 0
39 61
39 63
39 14
39 32
39 33
39 18
39 34
39 30
39 8
39 39
39 7
39 32
39 3
39 18
39 15
39 7
39 59
39 29
39 58
39 8
39 29
39 13
39 11
40 62
40 40
40 8
40 40
40 40
40 36
40 66
40 5
40 14
40 14
40 27
40 59
40 27
40 18
40 16
40 40
40 69
40 68
40 31
40 34
40 15
40 69
40 63
40 13
40 33
40 11
40 61
40 46
40 34
40 11
40 29
40 9
41 63
41 32
41 66
41 65
41 64
41 63
41 0
41 30
41 22
41 48
41 66
41 22
41 66
41 64
41 20
41 0
41 31
41 9
41 65
41 21
41 67
41 52
41 41
41 24
41 31
41 64
42 49
42 51
42 42
42 57
42 48
42 15
42 3
42 34
42 68
42 30
42 3
42 68
42 15
42 16
42 13
42 5
42 13
42 4
42 63
43 58
43 18
43 64
43 31
43 25
43 7
44 53
44 23
44 32
44 2
44 4
44 29
44 19
44 25
44 62
44 46
44 56
44 14
44 14
44 60
44 31
44 29
45 25
45 20
45 67
45 40
45 55
45 51
45 53
45 19
45 50
45 17
45 6
45 39
46 60
46 16
46 54
46 16
46 37
46 30
47 4
47 18
47 66
47 20
47 2
47 29
47 31
47 56
47 40
47 14
47 50
47 19
47 48
47 18
47 10
47 54
47 17
47 31
48 32
48 13
48 62
48 45
48 37
48 23
48 8
48 5
48 29
48 28
48 17
48 26
48 44
48 26
48 55
48 58
49 22
49 10
49 25
49 10
49 18
49 55
49 12
49 23
49 39
49 64
49 47
49 9
49 26
49 66
49 38
49 26
49 25
49 25
50 8
50 8
50 6
50 65
50 25
50 44
50 5
50 50
50 64
50 18
50 14
50 18
50 18
50 19
50 25
50 5
50 50
50 47
50 5
50 0
50 33
50 28
50 13
51 16
51 24
51 67
51 45
51 18
51 1
51 8
51 29
51 69
51 59
51 27
51 69
51 8
51 6
51 16
51 32
51 49
51 44
51 61
51 27
51 58
51 15
51 46
52 54
52 20
52 8
52 42
52 11
52 0
53 46
53 30
53 16
53 38
53 45
53 30
53 44
53 59
53 9
53 42
53 18
53 14
53 29
53 58
53 70
53 48
53 34
53 18
53 29
53 8
54 2
54 10
54 54
54 31
54 10
54 34
54 3
54 63
54 34
54 3
54 44
54 18
54 7
54 5
54 33
54 34
54 41
54 32
54 69
54 0
54 18
54 34
54 18
54 14
54 29
54 27
55 11
55 35
55 15
55 24
55 8
55 49
55 9
55 3
55 30
55 3
55 7
55 48
55 35
55 17
55 36
55 62
55 31
55 36
55 0
55 18
55 48
55 15
55 69
55 41
55 28
56 24
56 33
56 8
56 11
56 10
56 53
56 15
56 2
56 48
56 59
56 3
56 53
56 19
56 1
56 18
56 41
56 18
56 53
57 39
57 40
57 0
57 11
57 66
57 65
57 37
57 35
57 9
57 37
57 21
57 7
57 25
57 0
58 12
58 7
58 41
58 27
58 42
58 22
58 27
58 62
58 66
59 7
59 30
59 39
59 41
59 23
59 14
59 70
59 23
59 49
59 31
59 7
59 59
59 39
59 51
60 27
60 1
60 4
61 23
61 54
61 54
61 41
61 10
61 29
61 16
61 42
61 3
61 29
61 1
61 18
62 5
62 25
62 56
62 16
62 40
62 20
62 7
62 0
62 26
62 12
62 8
62 63
63 16
63 4
63 5
63 28
63 31
63 48
63 3
63 69
63 50
63 44
63 10
63 11
63 16
63 45
63 38
63 3
63 10
64 64
64 1
64 1
64 50
64 42
64 16
64 27
64 14
64 34
64 27
64 30
64 34
64 0
64 14
64 8
64 30
64 27
64 47
64 18
64 9
64 50
64 33
64 42
64 41
64 19
64 30
64 47
64 42
65 8
65 50
65 33
65 47
65 17
65 14
65 1
65 10
65 32
65 29
65 41
65 18
65 15
65 3
65 30
65 30
65 35
65 14
65 15
65 4
65 3
65 34
65 26
65 30
65 6
65 43
66 6
66 64
66 15
66 50
66 17
66 18
66 3
66 61
66 16
66 19
66 26
66 47
66 21
66 6
66 22
66 30
66 31
67 27
67 60
67 17
67 18
67 16
67 44
67 61
67 8
67 38
67 59
67 45
67 9
67 63
67 0
68 13
68 6
68 11
68 2
68 16
68 8
68 51
68 49
68 41
68 18
68 47
68 47
69 47
69 7
69 32
69 21
69 19
69 8
69 64
69 14
69 5
69 67
69 48
70 41
70 25
70 23
70 44
70 27
70 4
70 27
70 23
70 1
70 62
70 34
70 35
70 13
70 16
