0 32
0 45
0 30
0 32
0 65
0 12
0 61
0 39
0 31
0 12
0 50
0 64
0 61
0 44
0 47
0 70
0 44
0 9
0 33
0 65
0 50
0 68
1 27
1 12
1 44
1 10
1 69
1 40
1 30
1 35
1 66
1 22
1 10
1 30
1 67
1 50
1 69
1 53
1 4
1 39
1 4
1 49
1 44
1 17
1 53
1 68
2 59
2 61
2 40
2 32
2 64
2 30
2 26
2 34
2 51
2 7
2 60
3 60
3 62
3 6
3 33
3 6
3 50
3 33
3 36
3 50
3 39
3 14
3 3
3 14
3 10
3 33
3 37
3 68
3 65
3 65
3 48
3 54
3 61
3 3
3 31
3 50
3 65
3 61
4 20
4 18
4 55
4 14
4 18
4 1
4 69
4 20
4 68
4 61
4 48
4 1
4 61
4 41
4 40
4 21
4 39
4 9
4 15
4 15
5 12
5 35
5 48
5 60
5 65
5 65
5 12
5 0
5 24
5 11
5 50
5 12
5 22
5 12
5 16
5 54
5 50
5 22
5 6
5 45
5 66
6 49
6 56
6 51
6 58
6 0
6 65
6 59
6 42
6 22
7 66
7 49
7 8
7 9
7 29
7 46
7 57
7 44
7 56
7 47
7 38
7 1
7 34
7 37
8 39
8 19
8 51
8 29
8 37
8 0
8 1
8 32
8 50
8 35
8 29
8 0
8 49
8 6
8 30
9 21
9 12
9 51
9 38
9 51
9 70
9 60
9 42
9 39
9 66
9 24
9 4
9 0
9 42
9 39
9 2
10 70
10 63
10 1
10 31
10 30
10 32
10 65
10 65
10 18
10 30
10 59
10 37
10 67
10 70
10 9
10 49
10 13
10 61
10 27
10 35
11 43
11 4
11 40
11 11
11 39
11 50
11 38
11 26
11 11
11 32
11 56
11 0
11 48
11 68
11 54
11 0
11 55
11 29
11 50
11 29
11 20
11 35
11 35
11 2
11 44
11 11
11 42
12 29
12 24
12 4
12 24
12 34
12 69
12 21
12 44
12 60
12 2
12 6
12 4
12 58
12 34
12 8
12 6
12 12
12 49
12 29
12 1
12 0
12 62
12 59
12 12
12 44
12 59
12 24
12 1
12 12
12 2
12 1
12 28
12 29
12 12
12 21
12 2
12 9
12 9
12 36
12 12
13 25
13 48
13 8
13 54
13 53
13 57
13 39
13 28
13 59
13 13
13 68
13 6
13 50
13 38
13 48
13 50
13 1
13 23
14 16
14 22
14 53
14 39
14 16
14 44
14 44
14 68
14 54
14 53
14 39
14 69
14 40
14 2
14 60
14 49
14 54
14 14
14 54
14 8
14 70
14 9
14 8
15 20
15 53
15 10
15 64
15 40
15 22
15 40
15 65
15 7
15 69
15 66
15 57
15 69
15 15
15 64
15 32
15 30
15 69
15 64
15 29
15 30
15 22
15 34
15 30
15 22
15 50
15 69
15 15
15 64
15 42
15 64
15 17
15 17
15 50
16 56
16 66
16 67
16 46
16 58
16 56
16 53
16 31
16 32
16 54
16 56
16 53
16 58
16 26
16 40
16 34
16 66
16 40
16 34
16 50
16 54
16 5
16 14
16 40
16 46
16 66
16 40
16 53
16 56
16 54
16 54
17 25
17 54
17 16
17 44
17 33
17 44
17 7
17 23
17 23
17 38
17 69
17 44
17 16
18 43
18 51
18 26
18 55
18 39
18 67
18 9
18 68
18 53
18 61
18 39
18 54
18 51
18 47
18 49
18 10
18 38
18 67
18 56
18 57
18 62
18 70
18 35
18 10
18 37
18 39
18 40
18 24
18 51
18 26
18 30
19 51
19 32
19 6
19 31
19 6
19 53
19 49
19 31
19 19
19 31
19 68
19 2
19 49
19 64
19 47
19 44
19 15
19 48
19 58
19 27
19 38
19 56
19 65
19 59
19 11
19 48
20 24
20 34
20 66
20 29
20 15
20 29
20 27
20 41
20 60
20 50
20 15
20 45
20 63
20 64
20 15
20 31
20 61
20 20
20 15
20 29
20 29
20 14
20 2
20 41
21 13
21 35
21 4
21 57
21 28
21 9
21 24
21 21
21 61
21 62
21 5
21 13
21 13
21 11
21 51
21 42
21 59
21 11
21 68
21 4
21 69
21 51
21 37
21 10
21 23
21 66
21 37
21 26
22 41
22 44
22 15
22 6
22 30
22 42
22 25
22 38
22 18
22 29
22 18
22 37
22 24
22 50
22 11
22 48
22 23
23 68
23 28
23 21
23 53
23 53
23 31
23 38
23 28
23 28
23 21
23 31
23 69
23 62
23 49
23 13
23 48
23 53
23 13
23 4
23 61
23 43
23 62
23 22
23 31
23 33
23 38
23 34
23 48
23 14
23 31
23 68
23 46
23 44
23 14
23 38
23 31
24 39
24 67
24 4
24 70
24 20
24 25
24 28
24 3
24 31
24 22
24 3
24 41
24 4
24 57
25 47
25 25
25 57
25 47
25 63
25 45
25 63
25 70
25 47
25 57
25 63
25 57
25 17
25 25
25 45
25 44
25 56
25 66
25 17
25 62
25 45
25 56
25 50
25 57
25 57
25 69
25 13
25 70
25 36
25 45
25 22
25 13
25 13
25 57
25 24
25 44
25 47
25 6
25 49
25 24
25 70
25 13
25 63
25 13
25 47
25 66
26 2
26 65
26 38
26 48
26 63
26 29
26 21
26 57
26 57
26 13
26 7
26 59
26 37
26 18
26 43
26 7
26 17
26 59
26 11
26 29
26 29
26 16
26 45
26 66
26 7
26 13
26 31
27 52
27 54
27 47
27 66
27 66
27 0
27 51
27 53
27 35
27 40
27 64
27 8
27 19
27 56
27 22
27 9
27 7
27 1
27 50
27 1
27 51
27 51
27 22
27 27
27 54
27 58
27 0
27 1
27 55
27 10
27 50
28 61
28 30
28 30
28 67
28 55
28 21
28 12
28 53
28 66
28 17
28 37
28 13
28 32
28 51
28 42
28 12
28 21
28 64
28 67
28 66
28 38
29 29
29 12
29 12
29 20
29 20
29 1
29 12
29 51
29 56
29 33
29 33
29 29
29 11
29 12
29 4
29 12
29 54
29 55
29 15
29 8
29 11
29 37
29 29
29 54
29 66
29 56
29 39
30 37
30 30
30 55
30 11
30 56
30 11
30 37
30 38
30 35
30 47
30 55
30 18
30 24
30 18
30 70
30 69
30 47
30 37
30 48
30 1
30 7
30 61
30 55
30 53
30 0
31 61
31 64
31 33
31 42
31 40
31 12
31 51
31 38
31 22
31 61
31 6
31 10
31 16
31 54
31 45
31 35
31 2
31 20
31 35
31 63
31 16
32 68
32 32
32 11
32 8
32 61
32 61
32 64
32 38
32 65
32 18
32 39
32 14
32 27
32 68
32 18
32 35
32 7
32 28
32 27
32 16
32 15
32 35
33 24
33 53
33 4
33 19
33 65
33 56
33 23
33 19
33 42
33 49
33 23
33 54
33 4
33 5
33 42
33 33
33 20
33 39
33 0
33 49
33 39
33 22
33 54
33 57
33 64
33 70
34 42
34 38
34 54
34 26
34 38
34 0
34 63
34 33
34 63
34 53
34 21
34 8
34 20
34 10
34 68
34 40
34 34
34 56
34 64
34 28
34 34
34 42
34 42
35 63
35 18
35 20
35 38
35 21
35 15
35 70
35 65
35 49
35 30
35 55
35 19
35 5
35 49
35 65
35 5
35 44
36 48
36 1
36 70
36 63
36 34
36 27
36 11
37 14
37 18
37 27
37 1
37 52
37 42
37 1
37 26
37 19
37 10
37 3
37 61
37 37
37 3
37 14
37 62
37 27
37 16
37 10
38 1
38 3
38 63
38 67
38 1
38 26
38 1
38 31
38 52
38 35
38 32
38 36
38 9
38 3
38 43
38 26
38 67
38 11
38 19
38 15
38 33
38 30
39 22
39 18
39 45
39 28
39 11
39 58
39 29
39 33
39 5
39 49
39 0
39 3
39 47
39 11
39 31
39 13
39 2
39 6
39 3
39 5
39 2
39 30
39 21
39 31
39 32
39 57
40 29
40 15
40 18
40 45
40 68
40 19
40 69
40 14
40 15
40 34
40 33
40 33
40 62
40 17
40 57
40 45
40 57
40 31
40 47
40 19
40 58
40 33
40 59
40 13
40 15
40 24
40 14
40 11
40 15
40 27
40 63
40 11
41 5
41 14
41 64
41 55
41 17
41 41
41 62
41 5
41 31
41 50
41 24
41 10
41 42
41 64
41 31
41 14
41 70
41 42
41 48
41 2
41 34
41 41
41 10
41 67
41 9
41 56
42 58
42 41
42 33
42 64
42 21
42 28
42 14
42 15
42 15
42 16
42 14
42 15
42 16
42 42
42 27
42 67
42 70
42 53
42 4
43 24
43 28
43 18
43 4
43 0
43 4
44 0
44 20
44 22
44 65
44 10
44 1
44 23
44 29
44 31
44 68
44 0
44 10
44 23
44 29
44 42
44 25
45 32
45 26
45 21
45 48
45 38
45 51
45 4
45 66
45 32
45 68
45 42
45 40
46 56
46 54
46 26
46 18
46 41
46 34
47 66
47 29
47 25
47 21
47 20
47 0
47 27
47 25
47 32
47 29
47 26
47 55
47 40
47 32
47 26
47 25
47 3
47 34
48 61
48 1
48 62
48 55
48 53
48 29
48 41
48 26
48 63
48 22
48 22
48 19
48 3
48 23
48 52
48 61
49 16
49 51
49 70
49 22
49 3
49 39
49 2
49 55
49 42
49 54
49 64
49 23
49 47
49 32
49 3
49 19
49 33
49 64
50 19
50 35
50 41
50 20
50 64
50 44
50 9
50 67
50 69
50 47
50 27
50 50
50 7
50 10
50 16
50 25
50 19
50 26
50 50
50 20
50 25
50 11
50 0
51 43
51 13
51 1
51 49
51 15
51 14
51 14
51 21
51 27
51 28
51 4
51 34
51 51
51 63
51 32
51 10
51 43
51 0
51 4
51 8
51 4
51 16
51 49
52 31
52 68
52 39
52 26
52 50
52 25
53 19
53 19
53 3
53 70
53 58
53 53
53 27
53 2
53 8
53 9
53 14
53 6
53 38
53 30
53 18
53 17
53 26
53 19
53 11
53 41
54 16
54 3
54 24
54 16
54 49
54 47
54 16
54 60
54 34
54 18
54 18
54 3
54 13
54 18
54 47
54 62
54 67
54 8
54 14
54 1
54 54
54 50
54 24
54 41
54 54
54 46
55 41
55 47
55 15
55 9
55 55
55 0
55 4
55 14
55 46
55 4
55 36
55 2
55 14
55 5
55 3
55 16
55 17
55 36
55 28
55 16
55 8
55 7
55 30
55 55
55 11
56 29
56 67
56 63
56 43
56 25
56 29
56 19
56 31
56 14
56 44
56 31
56 25
56 4
56 34
56 49
56 19
56 49
56 9
57 3
57 54
57 10
57 11
57 39
57 66
57 26
57 20
57 10
57 61
57 39
57 18
57 15
57 15
58 25
58 3
58 33
58 12
58 22
58 12
58 58
58 64
58 41
59 19
59 53
59 28
59 48
59 63
59 22
59 66
59 27
59 38
59 21
59 49
59 69
59 13
59 12
60 27
60 25
60 52
61 30
61 3
61 29
61 48
61 49
61 20
61 10
61 40
61 34
61 7
61 15
61 30
62 6
62 28
62 66
62 65
62 53
62 58
62 52
62 7
62 53
62 11
62 44
62 42
63 19
63 31
63 4
63 32
63 22
63 57
63 26
63 0
63 53
63 19
63 11
63 63
63 54
63 57
63 67
63 22
63 30
64 18
64 17
64 8
64 2
64 34
64 66
64 32
64 2
64 50
64 9
64 8
64 1
64 41
64 8
64 27
64 8
64 42
64 14
64 31
64 27
64 34
64 9
64 18
64 4
64 11
64 27
64 18
64 41
65 42
65 5
65 26
65 59
65 47
65 16
65 34
65 14
65 13
65 41
65 41
65 58
65 59
65 18
65 17
65 16
65 19
65 26
65 34
65 50
65 16
65 9
65 6
65 14
65 19
65 0
66 18
66 34
66 50
66 59
66 45
66 40
66 25
66 15
66 28
66 0
66 3
66 9
66 27
66 21
66 0
66 47
66 40
67 2
67 1
67 16
67 23
67 32
67 56
67 33
67 32
67 16
67 6
67 2
67 55
67 4
67 56
68 31
68 68
68 0
68 15
68 33
68 30
68 1
68 56
68 11
68 29
68 32
68 14
69 40
69 16
69 23
69 16
69 26
69 48
69 2
69 61
69 59
69 23
69 42
70 4
70 18
70 25
70 28
70 34
70 14
70 25
70 11
70 28
70 57
70 0
70 16
70 25
70 23
