0 64
0 59
0 33
0 58
0 10
0 47
0 12
1 57
1 63
1 30
1 64
1 26
1 35
2 24
2 54
2 58
2 55
3 65
3 29
3 38
3 16
3 38
3 38
3 55
3 40
3 60
3 33
3 49
3 35
3 3
3 3
3 37
3 16
3 25
3 5
4 28
4 66
4 18
4 42
5 3
5 68
6 38
6 12
7 15
7 45
7 38
7 32
7 65
7 27
8 8
8 41
8 63
8 67
8 51
8 40
8 15
8 2
8 67
8 4
8 39
8 58
9 37
9 24
9 37
9 68
9 39
9 67
9 41
9 32
9 34
9 41
10 44
10 40
10 12
10 24
10 41
10 12
10 35
10 12
10 59
10 49
10 50
11 1
11 23
11 38
11 59
11 55
11 44
11 63
11 39
11 11
11 50
11 10
11 40
11 9
11 42
11 65
12 4
12 58
12 12
12 33
12 12
12 60
12 28
12 24
12 57
12 50
12 58
12 49
12 13
12 32
12 70
12 27
12 58
12 59
12 34
12 62
12 54
12 61
12 28
13 68
13 8
13 56
13 33
13 40
13 32
14 66
14 23
15 24
15 15
15 55
15 22
15 51
15 24
15 39
15 23
15 63
15 64
16 40
16 52
16 28
16 53
16 3
16 28
16 20
16 64
16 41
16 2
16 2
16 30
16 20
16 3
16 68
16 18
16 53
16 52
16 58
17 15
17 18
17 63
17 53
17 15
17 26
18 42
18 24
18 23
18 64
18 35
18 12
19 37
19 14
19 35
19 45
19 24
19 41
19 56
19 11
19 18
19 19
19 63
19 58
20 5
20 25
20 38
20 25
20 51
20 64
20 64
20 68
20 65
20 20
20 65
20 41
20 33
20 51
21 37
21 22
21 41
21 7
21 30
21 22
21 22
21 33
21 38
21 55
21 58
22 69
22 28
22 39
22 56
22 2
22 1
22 59
23 45
23 27
23 4
23 68
23 23
23 9
23 15
23 34
23 35
23 61
23 28
23 61
23 0
23 34
23 48
23 57
23 11
23 32
24 21
24 51
24 57
24 56
24 61
24 70
24 22
24 42
24 55
24 35
24 19
24 18
25 32
25 1
25 53
25 10
25 41
25 5
25 1
25 20
25 56
25 65
25 55
25 18
25 23
25 41
25 32
25 20
25 15
25 4
25 53
26 32
26 47
26 65
26 49
26 34
26 57
26 35
26 15
26 13
26 7
26 51
26 33
26 0
26 56
26 33
27 64
27 18
27 36
27 26
27 53
27 41
27 22
27 22
27 56
27 40
28 9
28 39
28 32
28 64
28 15
28 0
28 34
28 23
29 27
29 12
29 44
29 9
29 70
30 16
30 30
30 11
30 6
30 8
30 55
30 38
30 37
30 18
30 11
30 68
30 0
30 37
30 37
30 1
30 11
30 39
30 56
30 59
30 56
30 16
30 38
30 45
30 30
31 42
31 16
31 12
31 64
31 49
32 51
32 25
32 16
32 9
32 51
32 18
32 25
32 1
32 31
33 3
33 12
33 63
33 37
33 12
33 53
33 12
33 20
33 14
33 24
34 0
34 55
34 41
34 63
34 7
34 38
34 47
34 16
34 25
34 51
34 55
35 27
35 26
35 47
35 42
35 26
35 3
35 9
35 10
36 27
37 1
37 20
37 40
37 61
37 64
37 52
37 57
37 9
37 21
37 18
37 34
38 63
38 26
38 3
38 62
38 31
38 5
38 9
38 27
38 26
38 8
38 26
38 55
39 49
39 70
39 27
39 0
39 12
39 61
39 23
39 55
39 57
39 15
39 11
39 9
39 47
40 45
40 54
40 68
40 24
40 37
40 38
40 26
40 21
40 58
40 38
40 15
40 27
40 37
40 15
40 65
40 56
41 31
41 14
41 65
41 9
41 12
41 23
41 24
41 44
41 0
41 15
41 19
41 13
41 3
42 30
42 11
42 30
42 31
42 15
42 64
42 59
42 50
42 34
42 34
42 28
42 27
42 0
42 17
44 40
44 10
44 42
44 57
45 55
45 15
45 28
45 19
47 51
47 24
47 24
48 20
48 8
48 44
48 49
48 24
48 38
49 1
49 23
49 25
49 16
49 29
49 31
50 35
50 32
50 25
50 26
50 50
50 22
50 41
51 22
51 58
51 68
51 9
51 31
51 5
51 10
51 1
51 9
51 45
51 19
51 58
51 68
51 28
52 20
52 23
52 16
53 1
53 52
53 40
53 24
53 16
53 68
53 60
53 53
53 39
53 42
53 50
54 24
54 67
54 57
55 2
55 47
55 12
55 3
55 22
55 3
55 30
55 39
55 55
55 52
55 11
56 33
56 58
56 24
56 21
56 30
56 49
56 40
56 68
56 3
56 34
56 11
56 41
57 33
57 20
57 38
57 21
57 69
57 19
57 68
57 44
57 38
57 11
57 10
57 12
57 39
58 65
58 68
58 24
58 9
58 14
59 70
59 12
59 23
59 44
59 40
59 48
59 37
60 26
60 20
60 52
61 33
61 41
61 37
61 18
62 64
63 19
63 18
63 20
63 9
63 48
63 3
63 31
63 26
63 34
63 10
63 26
63 19
63 8
63 9
63 39
63 20
64 30
64 68
64 39
64 64
64 16
64 21
64 0
64 18
64 16
64 11
64 6
64 29
64 64
64 28
64 33
64 2
64 66
64 30
64 30
64 19
64 28
65 26
65 11
65 14
65 56
65 41
65 17
65 42
65 19
65 56
65 37
65 24
65 4
65 9
66 30
66 47
66 8
67 19
67 57
67 25
67 37
67 59
67 10
67 67
67 11
68 28
68 68
68 61
68 56
68 27
68 64
69 65
69 39
69 64
70 35
70 9
70 3
70 0
