0 48
0 59
0 46
0 3
0 30
0 13
0 4
0 28
0 34
0 10
0 69
1 54
1 12
1 12
1 62
1 29
1 30
1 62
1 23
1 56
1 41
1 39
1 38
1 1
1 10
1 20
1 69
1 22
2 62
2 56
2 18
2 53
2 28
2 20
2 28
3 31
3 54
3 12
3 41
3 59
3 37
3 31
3 65
3 7
3 29
3 12
3 30
3 19
3 29
3 30
3 12
3 17
3 35
3 12
3 10
3 3
3 24
3 54
3 31
3 53
3 12
4 62
4 54
4 44
4 20
4 22
4 65
4 34
4 47
4 36
4 44
4 25
5 21
5 59
5 16
5 48
5 10
5 12
5 68
5 63
5 59
5 15
5 16
5 25
5 39
5 46
5 5
5 70
5 28
5 25
5 4
6 67
6 21
6 28
6 12
6 69
6 18
6 44
6 46
6 45
7 20
7 5
7 22
7 22
7 0
7 13
7 64
7 64
7 67
8 17
8 33
8 0
8 54
8 5
8 4
8 65
8 55
8 39
8 44
8 45
8 24
8 52
8 51
8 12
9 67
9 2
9 48
9 47
9 39
9 51
9 18
9 13
9 38
9 12
9 40
9 31
9 31
9 58
9 67
9 18
9 20
10 29
10 66
10 13
10 62
10 70
10 21
10 67
10 18
10 52
10 14
10 15
10 23
10 50
10 5
10 1
11 16
11 67
11 29
11 53
11 58
11 19
11 19
11 40
11 1
11 44
11 30
11 31
11 29
11 45
12 20
12 29
12 34
12 12
12 30
12 11
12 3
12 15
12 59
12 57
12 0
12 3
12 69
12 9
12 4
12 13
12 27
12 21
12 5
12 18
12 17
12 15
12 58
12 28
12 21
12 24
12 17
13 63
13 23
13 28
13 55
13 55
13 18
13 42
13 18
13 42
13 70
13 18
13 32
13 9
13 61
13 54
13 56
13 10
13 8
14 6
14 45
14 24
14 32
14 20
14 35
14 38
14 45
14 20
14 53
14 60
14 25
14 42
14 44
14 25
14 20
14 45
14 55
14 51
14 51
14 53
14 32
14 68
14 4
14 36
14 44
14 57
14 67
14 50
14 64
14 30
15 15
15 42
15 58
15 12
15 56
15 19
15 30
15 2
15 48
15 44
15 51
15 65
15 2
15 62
15 50
15 40
15 20
15 30
15 48
15 45
15 45
15 18
15 10
15 70
15 27
15 39
15 39
16 16
16 11
16 37
16 22
16 19
16 30
16 53
16 31
16 55
16 40
16 48
16 20
16 19
16 58
16 29
16 48
16 50
16 37
16 29
16 36
16 61
16 70
17 10
17 59
17 6
17 29
17 23
17 30
17 61
17 38
17 38
17 18
17 64
17 14
18 42
18 32
18 43
18 57
18 30
18 35
18 51
18 2
18 57
18 17
18 15
18 50
18 19
18 37
18 54
18 35
18 48
18 56
18 63
18 6
18 26
18 26
18 41
18 42
18 22
18 2
18 32
18 4
18 10
18 39
19 36
19 40
19 37
19 51
19 31
19 51
19 19
19 48
19 5
19 58
19 65
19 54
19 57
19 64
19 49
19 2
19 35
19 19
20 44
20 19
20 1
20 41
20 8
20 14
20 34
20 19
20 5
20 16
20 14
20 12
20 37
20 7
20 1
21 47
21 22
21 22
21 24
21 20
21 26
21 52
21 61
21 51
21 51
21 12
21 61
21 28
21 52
21 62
21 26
21 31
21 13
21 21
21 21
21 20
21 29
21 5
21 41
21 29
21 64
21 9
21 13
21 41
21 66
22 17
22 9
22 0
22 32
22 31
22 15
22 9
22 24
22 24
22 63
22 37
22 50
23 23
23 26
23 62
23 51
23 49
23 6
23 49
23 58
23 9
23 65
23 26
23 58
23 62
23 57
23 9
23 1
23 31
23 46
23 23
23 44
23 1
23 1
23 23
23 10
23 31
23 48
23 49
23 67
23 40
23 23
23 58
23 0
23 31
24 0
24 56
24 50
24 42
24 46
24 64
24 40
24 51
24 63
24 51
24 55
24 3
24 51
25 30
25 2
25 18
25 37
25 59
25 47
25 50
25 49
25 46
25 2
25 5
25 17
25 22
25 10
25 18
25 22
25 25
25 18
25 14
25 36
25 45
25 14
25 63
25 69
25 34
25 64
25 41
25 44
25 41
25 30
25 63
25 18
25 64
25 35
26 21
26 53
26 44
26 9
26 46
26 62
26 40
26 0
26 23
26 44
26 23
26 16
26 22
26 69
26 49
26 1
27 66
27 22
27 25
27 43
27 61
27 36
27 37
27 63
27 39
27 1
27 39
27 12
27 12
27 49
27 64
27 56
27 8
27 61
27 37
27 70
27 27
27 17
27 67
27 46
27 25
27 37
28 52
28 68
28 53
28 12
28 31
28 57
28 67
28 12
28 30
28 54
28 28
28 15
28 31
28 15
28 6
28 34
28 50
28 17
28 13
28 42
28 48
28 51
28 39
28 65
28 13
28 48
29 69
29 42
29 0
29 7
29 28
29 48
29 65
29 28
29 55
29 28
29 70
29 69
29 3
29 51
29 40
29 39
29 8
29 1
29 26
29 20
29 20
29 26
29 1
29 59
29 33
30 64
30 9
30 3
30 42
30 30
30 14
30 10
30 23
30 28
30 18
30 3
30 15
30 12
30 0
30 65
30 28
30 36
30 3
30 30
30 55
30 9
30 65
30 48
31 10
31 54
31 31
31 4
31 6
31 16
31 45
31 3
31 7
31 41
31 53
31 9
31 64
31 3
31 24
31 60
31 4
31 24
31 31
31 70
31 31
32 28
32 67
32 53
32 10
32 53
32 14
32 55
32 1
32 53
32 29
32 59
33 7
33 17
33 42
33 70
33 5
33 42
33 30
33 53
33 16
33 5
33 2
33 5
33 42
33 0
33 3
33 20
33 3
33 22
33 2
33 64
34 70
34 63
34 24
34 36
34 1
34 34
34 61
34 54
34 26
34 34
34 36
34 1
34 22
34 33
34 16
34 65
35 31
35 56
35 31
35 51
35 26
35 19
35 21
35 19
35 61
35 5
35 34
36 34
36 69
36 25
36 41
36 42
36 62
36 16
36 26
36 59
37 65
37 40
37 62
37 59
37 1
37 3
37 25
37 31
37 34
37 55
37 43
37 68
37 53
37 33
37 8
37 27
38 33
38 28
38 42
38 18
38 42
38 69
38 53
38 28
38 18
38 11
38 62
38 18
38 29
38 38
38 14
38 5
38 20
38 27
38 48
39 24
39 63
39 15
39 59
39 16
39 62
39 15
39 41
39 46
39 5
39 50
39 39
39 57
39 59
39 54
39 44
39 31
39 7
40 61
40 17
40 24
40 31
40 29
40 38
40 37
40 48
40 23
40 41
40 19
40 57
40 24
40 39
41 25
41 49
41 30
41 23
41 3
41 6
41 17
41 14
41 14
41 69
41 14
41 54
41 2
42 18
42 65
42 15
42 11
42 64
42 32
42 17
42 18
42 63
42 11
42 48
42 45
42 65
42 28
42 18
42 32
42 22
42 45
42 29
42 47
42 14
42 66
43 25
43 64
43 39
43 41
43 17
44 70
44 15
44 35
44 47
44 13
44 26
44 46
44 26
44 48
44 52
44 23
44 35
44 17
44 49
44 29
44 63
44 67
44 40
44 25
44 46
44 0
45 20
45 12
45 16
45 67
45 4
45 16
45 4
45 49
45 49
45 68
45 16
45 53
45 31
45 41
45 11
46 65
46 35
46 59
46 15
46 41
46 65
46 50
46 44
47 25
47 67
47 30
47 40
47 30
47 63
47 38
47 19
48 60
48 48
48 23
48 49
48 24
48 0
48 57
48 28
48 54
48 44
48 16
48 24
48 7
48 23
48 13
48 5
49 20
49 14
49 42
49 60
49 10
49 38
49 38
49 36
49 66
49 42
49 23
49 3
49 51
50 28
50 51
50 39
50 41
50 60
50 18
50 10
50 44
50 25
50 70
50 61
50 37
50 48
50 55
51 9
51 45
51 20
51 5
51 41
51 18
51 17
51 10
51 34
51 45
51 15
51 5
51 21
51 56
51 6
51 18
51 1
51 31
52 11
52 25
52 31
52 51
52 60
52 30
52 0
52 20
53 37
53 69
53 14
53 27
53 7
53 52
53 27
53 26
53 34
53 8
53 44
53 47
53 2
53 49
53 29
54 28
54 49
54 14
54 44
54 13
54 18
54 14
54 45
54 50
54 39
54 7
54 32
54 38
54 33
55 16
55 30
55 67
55 58
55 5
55 14
55 4
55 29
55 17
55 28
55 61
55 2
55 55
55 50
56 24
56 47
56 18
56 49
56 13
56 36
56 49
56 56
56 27
56 44
56 34
56 8
57 15
57 28
57 7
57 28
57 34
57 65
57 7
57 65
57 51
57 22
57 10
58 63
58 66
58 12
58 40
58 13
58 64
58 24
58 28
58 62
59 67
59 3
59 42
59 29
59 5
59 19
59 23
59 24
59 63
59 25
59 42
59 65
59 3
60 46
60 12
60 51
60 69
60 14
60 69
60 70
60 62
61 53
61 34
61 53
61 56
61 55
61 63
61 2
61 19
61 53
61 54
61 4
61 41
61 57
61 18
62 18
62 58
62 11
62 23
62 12
62 60
62 33
62 15
62 36
62 21
62 53
62 19
62 23
62 21
62 33
62 1
63 47
63 17
63 62
63 16
63 26
63 8
63 46
63 34
63 18
63 39
63 53
64 64
64 61
64 24
64 13
64 1
64 25
64 23
64 31
64 21
64 59
64 44
64 14
64 52
64 64
64 70
64 25
64 45
64 15
65 50
65 65
65 52
65 11
65 57
65 50
65 1
65 7
65 29
65 65
65 5
65 28
65 9
65 65
65 23
65 23
65 30
65 31
65 54
65 16
65 62
65 16
65 28
65 47
65 8
66 49
66 52
66 44
66 10
66 64
66 43
66 26
67 10
67 59
67 1
67 44
67 31
67 10
67 45
67 14
67 64
67 28
67 67
67 3
67 53
67 28
68 12
68 61
68 15
68 65
68 66
68 28
68 15
68 70
69 69
69 43
69 22
69 16
69 64
69 24
69 31
69 23
69 63
69 47
69 63
69 12
69 38
70 0
70 22
70 60
70 53
70 50
70 45
70 42
70 42
70 34
70 3
70 6
70 2
70 69
70 64
